{
  "patients": [
    {
      "id": "p1",
      "location": [
        93.0,
        9.0
      ],
      "time_window": [
        393.0,
        513.0
      ],
      "required_caregivers": [
        {
          "service": "s4",
          "duration": 15.0
        }
      ]
    },
    {
      "id": "p2",
      "location": [
        46.0,
        45.0
      ],
      "time_window": [
        60.0,
        180.0
      ],
      "required_caregivers": [
        {
          "service": "s1",
          "duration": 15.0
        }
      ]
    },
    {
      "id": "p3",
      "location": [
        97.0,
        8.0
      ],
      "time_window": [
        93.0,
        213.0
      ],
      "required_caregivers": [
        {
          "service": "s4",
          "duration": 15.0
        }
      ]
    },
    {
      "id": "p4",
      "location": [
        81.0,
        35.0
      ],
      "time_window": [
        90.0,
        210.0
      ],
      "required_caregivers": [
        {
          "service": "s1",
          "duration": 15.0
        }
      ]
    },
    {
      "id": "p5",
      "location": [
        23.0,
        49.0
      ],
      "time_window": [
        46.0,
        166.0
      ],
      "required_caregivers": [
        {
          "service": "s5",
          "duration": 15.0
        }
      ]
    },
    {
      "id": "p6",
      "location": [
        91.0,
        24.0
      ],
      "time_window": [
        256.0,
        376.0
      ],
      "required_caregivers": [
        {
          "service": "s5",
          "duration": 15.0
        }
      ]
    },
    {
      "id": "p7",
      "location": [
        95.0,
        20.0
      ],
      "time_window": [
        37.0,
        157.0
      ],
      "required_caregivers": [
        {
          "service": "s2",
          "duration": 15.0
        }
      ]
    },
    {
      "id": "p8",
      "location": [
        86.0,
        8.0
      ],
      "time_window": [
        208.0,
        328.0
      ],
      "required_caregivers": [
        {
          "service": "s4",
          "duration": 15.0
        },
        {
          "service": "s5",
          "duration": 15.0
        }
      ],
      "synchronization": {
        "type": "simultaneous"
      }
    },
    {
      "id": "p9",
      "location": [
        73.0,
        0.0
      ],
      "time_window": [
        261.0,
        381.0
      ],
      "required_caregivers": [
        {
          "service": "s2",
          "duration": 15.0
        },
        {
          "service": "s5",
          "duration": 15.0
        }
      ],
      "synchronization": {
        "type": "sequential",
        "distance": [
          57,
          114
        ]
      }
    },
    {
      "id": "p10",
      "location": [
        0.0,
        0.0
      ],
      "time_window": [
        454.0,
        574.0
      ],
      "required_caregivers": [
        {
          "service": "s3",
          "duration": 15.0
        },
        {
          "service": "s4",
          "duration": 15.0
        }
      ],
      "synchronization": {
        "type": "simultaneous"
      }
    }
  ],
  "services": [
    {
      "id": "s1",
      "default_duration": 15.0
    },
    {
      "id": "s2",
      "default_duration": 15.0
    },
    {
      "id": "s3",
      "default_duration": 15.0
    },
    {
      "id": "s4",
      "default_duration": 15.0
    },
    {
      "id": "s5",
      "default_duration": 15.0
    },
    {
      "id": "s6",
      "default_duration": 30.0
    }
  ],
  "caregivers": [
    {
      "id": "c1",
      "abilities": [
        "s1",
        "s2",
        "s3"
      ]
    },
    {
      "id": "c2",
      "abilities": [
        "s5"
      ]
    },
    {
      "id": "c3",
      "abilities": [
        "s4",
        "s6"
      ]
    }
  ],
  "central_offices": [
    {
      "id": "d",
      "location": [
        13.0,
        43.0
      ]
    }
  ],
  "distances": [
    [
      0.0,
      86.925,
      33.061,
      91.0,
      68.469,
      11.662,
      80.281,
      85.165,
      80.957,
      73.817,
      44.922
    ],
    [
      86.925,
      0.0,
      59.203,
      4.123,
      28.636,
      80.623,
      15.133,
      11.18,
      7.071,
      21.932,
      93.434
    ],
    [
      33.061,
      59.203,
      0.0,
      63.008,
      36.401,
      23.345,
      49.659,
      55.009,
      54.489,
      52.479,
      64.351
    ],
    [
      91.0,
      4.123,
      63.008,
      0.0,
      31.385,
      84.599,
      17.088,
      12.166,
      11.0,
      25.298,
      97.329
    ],
    [
      68.469,
      28.636,
      36.401,
      31.385,
      0.0,
      59.666,
      14.866,
      20.518,
      27.459,
      35.903,
      88.238
    ],
    [
      11.662,
      80.623,
      23.345,
      84.599,
      59.666,
      0.0,
      72.45,
      77.621,
      75.166,
      70.007,
      54.129
    ],
    [
      80.281,
      15.133,
      49.659,
      17.088,
      14.866,
      72.45,
      0.0,
      5.657,
      16.763,
      30.0,
      94.112
    ],
    [
      85.165,
      11.18,
      55.009,
      12.166,
      20.518,
      77.621,
      5.657,
      0.0,
      15.0,
      29.732,
      97.082
    ],
    [
      80.957,
      7.071,
      54.489,
      11.0,
      27.459,
      75.166,
      16.763,
      15.0,
      0.0,
      15.264,
      86.371
    ],
    [
      73.817,
      21.932,
      52.479,
      25.298,
      35.903,
      70.007,
      30.0,
      29.732,
      15.264,
      0.0,
      73.0
    ],
    [
      44.922,
      93.434,
      64.351,
      97.329,
      88.238,
      54.129,
      94.112,
      97.082,
      86.371,
      73.0,
      0.0
    ]
  ]
}
