{
  "patients": [
    {
      "id": "p1",
      "location": [
        85.0,
        24.0
      ],
      "time_window": [
        76.0,
        196.0
      ],
      "required_caregivers": [
        {
          "service": "s5",
          "duration": 12.0
        }
      ]
    },
    {
      "id": "p2",
      "location": [
        80.0,
        33.0
      ],
      "time_window": [
        44.0,
        164.0
      ],
      "required_caregivers": [
        {
          "service": "s3",
          "duration": 12.0
        }
      ]
    },
    {
      "id": "p3",
      "location": [
        68.0,
        1.0
      ],
      "time_window": [
        45.0,
        165.0
      ],
      "required_caregivers": [
        {
          "service": "s4",
          "duration": 12.0
        }
      ]
    },
    {
      "id": "p4",
      "location": [
        50.0,
        18.0
      ],
      "time_window": [
        124.0,
        244.0
      ],
      "required_caregivers": [
        {
          "service": "s5",
          "duration": 12.0
        }
      ]
    },
    {
      "id": "p5",
      "location": [
        0.0,
        4.0
      ],
      "time_window": [
        100.0,
        220.0
      ],
      "required_caregivers": [
        {
          "service": "s5",
          "duration": 12.0
        }
      ]
    },
    {
      "id": "p6",
      "location": [
        8.0,
        39.0
      ],
      "time_window": [
        334.0,
        454.0
      ],
      "required_caregivers": [
        {
          "service": "s5",
          "duration": 12.0
        }
      ]
    },
    {
      "id": "p7",
      "location": [
        95.0,
        0.0
      ],
      "time_window": [
        448.0,
        568.0
      ],
      "required_caregivers": [
        {
          "service": "s5",
          "duration": 12.0
        }
      ]
    },
    {
      "id": "p8",
      "location": [
        61.0,
        26.0
      ],
      "time_window": [
        329.0,
        449.0
      ],
      "required_caregivers": [
        {
          "service": "s4",
          "duration": 12.0
        },
        {
          "service": "s6",
          "duration": 12.0
        }
      ],
      "synchronization": {
        "type": "simultaneous"
      }
    },
    {
      "id": "p9",
      "location": [
        7.0,
        11.0
      ],
      "time_window": [
        450.0,
        570.0
      ],
      "required_caregivers": [
        {
          "service": "s1",
          "duration": 12.0
        },
        {
          "service": "s4",
          "duration": 12.0
        }
      ],
      "synchronization": {
        "type": "sequential",
        "distance": [
          42,
          84
        ]
      }
    },
    {
      "id": "p10",
      "location": [
        0.0,
        0.0
      ],
      "time_window": [
        174.0,
        294.0
      ],
      "required_caregivers": [
        {
          "service": "s1",
          "duration": 12.0
        },
        {
          "service": "s4",
          "duration": 12.0
        }
      ],
      "synchronization": {
        "type": "sequential",
        "distance": [
          41,
          82
        ]
      }
    }
  ],
  "services": [
    {
      "id": "s1",
      "default_duration": 12.0
    },
    {
      "id": "s2",
      "default_duration": 30.0
    },
    {
      "id": "s3",
      "default_duration": 12.0
    },
    {
      "id": "s4",
      "default_duration": 12.0
    },
    {
      "id": "s5",
      "default_duration": 12.0
    },
    {
      "id": "s6",
      "default_duration": 12.0
    }
  ],
  "caregivers": [
    {
      "id": "c1",
      "abilities": [
        "s1",
        "s2",
        "s3"
      ]
    },
    {
      "id": "c2",
      "abilities": [
        "s6"
      ]
    },
    {
      "id": "c3",
      "abilities": [
        "s4",
        "s5",
        "s6"
      ]
    }
  ],
  "central_offices": [
    {
      "id": "d",
      "location": [
        36.0,
        42.0
      ]
    }
  ],
  "distances": [
    [
      0.0,
      52.202,
      44.911,
      52.01,
      27.785,
      52.345,
      28.16,
      72.422,
      29.682,
      42.45,
      55.317
    ],
    [
      52.202,
      0.0,
      10.296,
      28.601,
      35.511,
      87.321,
      78.447,
      26.0,
      24.083,
      79.076,
      88.323
    ],
    [
      44.911,
      10.296,
      0.0,
      34.176,
      33.541,
      85.094,
      72.25,
      36.249,
      20.248,
      76.243,
      86.539
    ],
    [
      52.01,
      28.601,
      34.176,
      0.0,
      24.759,
      68.066,
      71.021,
      27.019,
      25.962,
      61.814,
      68.007
    ],
    [
      27.785,
      35.511,
      33.541,
      24.759,
      0.0,
      51.923,
      46.957,
      48.466,
      13.601,
      43.566,
      53.141
    ],
    [
      52.345,
      87.321,
      85.094,
      68.066,
      51.923,
      0.0,
      35.903,
      95.084,
      64.846,
      9.899,
      4.0
    ],
    [
      28.16,
      78.447,
      72.25,
      71.021,
      46.957,
      35.903,
      0.0,
      95.341,
      54.571,
      28.018,
      39.812
    ],
    [
      72.422,
      26.0,
      36.249,
      27.019,
      48.466,
      95.084,
      95.341,
      0.0,
      42.802,
      88.685,
      95.0
    ],
    [
      29.682,
      24.083,
      20.248,
      25.962,
      13.601,
      64.846,
      54.571,
      42.802,
      0.0,
      56.045,
      66.31
    ],
    [
      42.45,
      79.076,
      76.243,
      61.814,
      43.566,
      9.899,
      28.018,
      88.685,
      56.045,
      0.0,
      13.038
    ],
    [
      55.317,
      88.323,
      86.539,
      68.007,
      53.141,
      4.0,
      39.812,
      95.0,
      66.31,
      13.038,
      0.0
    ]
  ]
}
