{
  "patients": [
    {
      "id": "p1",
      "location": [
        30.0,
        1.0
      ],
      "time_window": [
        124.0,
        244.0
      ],
      "required_caregivers": [
        {
          "service": "s5",
          "duration": 13.0
        }
      ]
    },
    {
      "id": "p2",
      "location": [
        72.0,
        18.0
      ],
      "time_window": [
        316.0,
        436.0
      ],
      "required_caregivers": [
        {
          "service": "s5",
          "duration": 13.0
        }
      ]
    },
    {
      "id": "p3",
      "location": [
        31.0,
        10.0
      ],
      "time_window": [
        370.0,
        490.0
      ],
      "required_caregivers": [
        {
          "service": "s5",
          "duration": 13.0
        }
      ]
    },
    {
      "id": "p4",
      "location": [
        53.0,
        29.0
      ],
      "time_window": [
        301.0,
        421.0
      ],
      "required_caregivers": [
        {
          "service": "s2",
          "duration": 13.0
        }
      ]
    },
    {
      "id": "p5",
      "location": [
        54.0,
        47.0
      ],
      "time_window": [
        372.0,
        492.0
      ],
      "required_caregivers": [
        {
          "service": "s1",
          "duration": 13.0
        }
      ]
    },
    {
      "id": "p6",
      "location": [
        82.0,
        15.0
      ],
      "time_window": [
        278.0,
        398.0
      ],
      "required_caregivers": [
        {
          "service": "s3",
          "duration": 13.0
        }
      ]
    },
    {
      "id": "p7",
      "location": [
        28.0,
        15.0
      ],
      "time_window": [
        51.0,
        171.0
      ],
      "required_caregivers": [
        {
          "service": "s4",
          "duration": 13.0
        }
      ]
    },
    {
      "id": "p8",
      "location": [
        2.0,
        49.0
      ],
      "time_window": [
        11.0,
        131.0
      ],
      "required_caregivers": [
        {
          "service": "s5",
          "duration": 13.0
        },
        {
          "service": "s6",
          "duration": 13.0
        }
      ],
      "synchronization": {
        "type": "simultaneous"
      }
    },
    {
      "id": "p9",
      "location": [
        83.0,
        9.0
      ],
      "time_window": [
        413.0,
        533.0
      ],
      "required_caregivers": [
        {
          "service": "s1",
          "duration": 13.0
        },
        {
          "service": "s4",
          "duration": 13.0
        }
      ],
      "synchronization": {
        "type": "sequential",
        "distance": [
          48,
          96
        ]
      }
    },
    {
      "id": "p10",
      "location": [
        0.0,
        0.0
      ],
      "time_window": [
        0.0,
        120.0
      ],
      "required_caregivers": [
        {
          "service": "s2",
          "duration": 13.0
        },
        {
          "service": "s4",
          "duration": 13.0
        }
      ],
      "synchronization": {
        "type": "sequential",
        "distance": [
          33,
          66
        ]
      }
    }
  ],
  "services": [
    {
      "id": "s1",
      "default_duration": 13.0
    },
    {
      "id": "s2",
      "default_duration": 13.0
    },
    {
      "id": "s3",
      "default_duration": 13.0
    },
    {
      "id": "s4",
      "default_duration": 13.0
    },
    {
      "id": "s5",
      "default_duration": 13.0
    },
    {
      "id": "s6",
      "default_duration": 13.0
    }
  ],
  "caregivers": [
    {
      "id": "c1",
      "abilities": [
        "s1",
        "s2",
        "s3"
      ]
    },
    {
      "id": "c2",
      "abilities": [
        "s6"
      ]
    },
    {
      "id": "c3",
      "abilities": [
        "s4",
        "s5",
        "s6"
      ]
    }
  ],
  "central_offices": [
    {
      "id": "d",
      "location": [
        64.0,
        8.0
      ]
    }
  ],
  "distances": [
    [
      0.0,
      34.713,
      12.806,
      33.061,
      23.707,
      40.262,
      19.313,
      36.674,
      74.33,
      19.026,
      64.498
    ],
    [
      34.713,
      0.0,
      45.31,
      9.055,
      36.235,
      51.884,
      53.852,
      14.142,
      55.57,
      53.6,
      30.017
    ],
    [
      12.806,
      45.31,
      0.0,
      41.773,
      21.954,
      34.132,
      10.44,
      44.102,
      76.557,
      14.213,
      74.216
    ],
    [
      33.061,
      9.055,
      41.773,
      0.0,
      29.069,
      43.566,
      51.245,
      5.831,
      48.6,
      52.01,
      32.573
    ],
    [
      23.707,
      36.235,
      21.954,
      29.069,
      0.0,
      18.028,
      32.202,
      28.653,
      54.781,
      36.056,
      60.415
    ],
    [
      40.262,
      51.884,
      34.132,
      43.566,
      18.028,
      0.0,
      42.521,
      41.231,
      52.038,
      47.802,
      71.589
    ],
    [
      19.313,
      53.852,
      10.44,
      51.245,
      32.202,
      42.521,
      0.0,
      54.0,
      86.925,
      6.083,
      83.361
    ],
    [
      36.674,
      14.142,
      44.102,
      5.831,
      28.653,
      41.231,
      54.0,
      0.0,
      42.802,
      55.326,
      31.765
    ],
    [
      74.33,
      55.57,
      76.557,
      48.6,
      54.781,
      52.038,
      86.925,
      42.802,
      0.0,
      90.338,
      49.041
    ],
    [
      19.026,
      53.6,
      14.213,
      52.01,
      36.056,
      47.802,
      6.083,
      55.326,
      90.338,
      0.0,
      83.487
    ],
    [
      64.498,
      30.017,
      74.216,
      32.573,
      60.415,
      71.589,
      83.361,
      31.765,
      49.041,
      83.487,
      0.0
    ]
  ]
}
