{
  "patients": [
    {
      "id": "p1",
      "location": [
        93.0,
        11.0
      ],
      "time_window": [
        393.0,
        513.0
      ],
      "required_caregivers": [
        {
          "service": "s4",
          "duration": 15.0
        }
      ]
    },
    {
      "id": "p2",
      "location": [
        46.0,
        21.0
      ],
      "time_window": [
        60.0,
        180.0
      ],
      "required_caregivers": [
        {
          "service": "s1",
          "duration": 15.0
        }
      ]
    },
    {
      "id": "p3",
      "location": [
        97.0,
        45.0
      ],
      "time_window": [
        93.0,
        213.0
      ],
      "required_caregivers": [
        {
          "service": "s4",
          "duration": 15.0
        }
      ]
    },
    {
      "id": "p4",
      "location": [
        81.0,
        31.0
      ],
      "time_window": [
        90.0,
        210.0
      ],
      "required_caregivers": [
        {
          "service": "s1",
          "duration": 15.0
        }
      ]
    },
    {
      "id": "p5",
      "location": [
        23.0,
        39.0
      ],
      "time_window": [
        46.0,
        166.0
      ],
      "required_caregivers": [
        {
          "service": "s5",
          "duration": 15.0
        }
      ]
    },
    {
      "id": "p6",
      "location": [
        91.0,
        8.0
      ],
      "time_window": [
        256.0,
        376.0
      ],
      "required_caregivers": [
        {
          "service": "s5",
          "duration": 15.0
        }
      ]
    },
    {
      "id": "p7",
      "location": [
        95.0,
        42.0
      ],
      "time_window": [
        37.0,
        157.0
      ],
      "required_caregivers": [
        {
          "service": "s2",
          "duration": 15.0
        }
      ]
    },
    {
      "id": "p8",
      "location": [
        86.0,
        8.0
      ],
      "time_window": [
        208.0,
        328.0
      ],
      "required_caregivers": [
        {
          "service": "s5",
          "duration": 15.0
        }
      ]
    },
    {
      "id": "p9",
      "location": [
        73.0,
        18.0
      ],
      "time_window": [
        261.0,
        381.0
      ],
      "required_caregivers": [
        {
          "service": "s4",
          "duration": 15.0
        }
      ]
    },
    {
      "id": "p10",
      "location": [
        93.0,
        10.0
      ],
      "time_window": [
        454.0,
        574.0
      ],
      "required_caregivers": [
        {
          "service": "s5",
          "duration": 15.0
        }
      ]
    },
    {
      "id": "p11",
      "location": [
        95.0,
        14.0
      ],
      "time_window": [
        43.0,
        163.0
      ],
      "required_caregivers": [
        {
          "service": "s2",
          "duration": 15.0
        }
      ]
    },
    {
      "id": "p12",
      "location": [
        35.0,
        36.0
      ],
      "time_window": [
        59.0,
        179.0
      ],
      "required_caregivers": [
        {
          "service": "s6",
          "duration": 15.0
        }
      ]
    },
    {
      "id": "p13",
      "location": [
        74.0,
        49.0
      ],
      "time_window": [
        471.0,
        591.0
      ],
      "required_caregivers": [
        {
          "service": "s4",
          "duration": 15.0
        }
      ]
    },
    {
      "id": "p14",
      "location": [
        8.0,
        36.0
      ],
      "time_window": [
        408.0,
        528.0
      ],
      "required_caregivers": [
        {
          "service": "s1",
          "duration": 15.0
        }
      ]
    },
    {
      "id": "p15",
      "location": [
        48.0,
        44.0
      ],
      "time_window": [
        135.0,
        255.0
      ],
      "required_caregivers": [
        {
          "service": "s4",
          "duration": 15.0
        }
      ]
    },
    {
      "id": "p16",
      "location": [
        72.0,
        40.0
      ],
      "time_window": [
        240.0,
        360.0
      ],
      "required_caregivers": [
        {
          "service": "s1",
          "duration": 15.0
        }
      ]
    },
    {
      "id": "p17",
      "location": [
        17.0,
        45.0
      ],
      "time_window": [
        286.0,
        406.0
      ],
      "required_caregivers": [
        {
          "service": "s5",
          "duration": 15.0
        }
      ]
    },
    {
      "id": "p18",
      "location": [
        10.0,
        49.0
      ],
      "time_window": [
        193.0,
        313.0
      ],
      "required_caregivers": [
        {
          "service": "s5",
          "duration": 15.0
        },
        {
          "service": "s6",
          "duration": 15.0
        }
      ],
      "synchronization": {
        "type": "simultaneous"
      }
    },
    {
      "id": "p19",
      "location": [
        55.0,
        28.0
      ],
      "time_window": [
        253.0,
        373.0
      ],
      "required_caregivers": [
        {
          "service": "s4",
          "duration": 15.0
        },
        {
          "service": "s5",
          "duration": 15.0
        }
      ],
      "synchronization": {
        "type": "simultaneous"
      }
    },
    {
      "id": "p20",
      "location": [
        39.0,
        22.0
      ],
      "time_window": [
        118.0,
        238.0
      ],
      "required_caregivers": [
        {
          "service": "s5",
          "duration": 15.0
        },
        {
          "service": "s6",
          "duration": 15.0
        }
      ],
      "synchronization": {
        "type": "simultaneous"
      }
    },
    {
      "id": "p21",
      "location": [
        92.0,
        30.0
      ],
      "time_window": [
        413.0,
        533.0
      ],
      "required_caregivers": [
        {
          "service": "s4",
          "duration": 15.0
        },
        {
          "service": "s6",
          "duration": 15.0
        }
      ],
      "synchronization": {
        "type": "simultaneous"
      }
    },
    {
      "id": "p22",
      "location": [
        68.0,
        18.0
      ],
      "time_window": [
        49.0,
        169.0
      ],
      "required_caregivers": [
        {
          "service": "s3",
          "duration": 15.0
        },
        {
          "service": "s5",
          "duration": 15.0
        }
      ],
      "synchronization": {
        "type": "sequential",
        "distance": [
          40,
          80
        ]
      }
    },
    {
      "id": "p23",
      "location": [
        98.0,
        37.0
      ],
      "time_window": [
        315.0,
        435.0
      ],
      "required_caregivers": [
        {
          "service": "s2",
          "duration": 15.0
        },
        {
          "service": "s5",
          "duration": 15.0
        }
      ],
      "synchronization": {
        "type": "sequential",
        "distance": [
          3,
          6
        ]
      }
    },
    {
      "id": "p24",
      "location": [
        41.0,
        1.0
      ],
      "time_window": [
        188.0,
        308.0
      ],
      "required_caregivers": [
        {
          "service": "s2",
          "duration": 15.0
        },
        {
          "service": "s4",
          "duration": 15.0
        }
      ],
      "synchronization": {
        "type": "sequential",
        "distance": [
          55,
          110
        ]
      }
    },
    {
      "id": "p25",
      "location": [
        0.0,
        0.0
      ],
      "time_window": [
        335.0,
        455.0
      ],
      "required_caregivers": [
        {
          "service": "s2",
          "duration": 15.0
        },
        {
          "service": "s6",
          "duration": 15.0
        }
      ],
      "synchronization": {
        "type": "sequential",
        "distance": [
          48,
          96
        ]
      }
    }
  ],
  "services": [
    {
      "id": "s1",
      "default_duration": 15.0
    },
    {
      "id": "s2",
      "default_duration": 15.0
    },
    {
      "id": "s3",
      "default_duration": 15.0
    },
    {
      "id": "s4",
      "default_duration": 15.0
    },
    {
      "id": "s5",
      "default_duration": 15.0
    },
    {
      "id": "s6",
      "default_duration": 15.0
    }
  ],
  "caregivers": [
    {
      "id": "c1",
      "abilities": [
        "s1"
      ]
    },
    {
      "id": "c2",
      "abilities": [
        "s2",
        "s3"
      ]
    },
    {
      "id": "c3",
      "abilities": [
        "s4",
        "s5",
        "s6"
      ]
    },
    {
      "id": "c4",
      "abilities": [
        "s4",
        "s5",
        "s6"
      ]
    },
    {
      "id": "c5",
      "abilities": [
        "s4",
        "s5",
        "s6"
      ]
    }
  ],
  "central_offices": [
    {
      "id": "d",
      "location": [
        13.0,
        5.0
      ]
    }
  ],
  "distances": [
    [
      0.0,
      80.225,
      36.674,
      93.038,
      72.801,
      35.44,
      78.058,
      89.961,
      73.062,
      61.392,
      80.156,
      82.492,
      38.013,
      75.213,
      31.401,
      52.402,
      68.6,
      40.2,
      44.102,
      47.885,
      31.064,
      82.861,
      56.515,
      90.824,
      28.284,
      13.928
    ],
    [
      80.225,
      0.0,
      48.052,
      34.234,
      23.324,
      75.392,
      3.606,
      31.064,
      7.616,
      21.19,
      1.0,
      3.606,
      63.159,
      42.485,
      88.6,
      55.803,
      35.805,
      83.259,
      91.285,
      41.629,
      55.109,
      19.026,
      25.962,
      26.476,
      52.953,
      93.648
    ],
    [
      36.674,
      48.052,
      0.0,
      56.365,
      36.401,
      29.206,
      46.84,
      53.31,
      42.059,
      27.166,
      48.27,
      49.497,
      18.601,
      39.598,
      40.853,
      23.087,
      32.202,
      37.643,
      45.607,
      11.402,
      7.071,
      46.872,
      22.204,
      54.406,
      20.616,
      50.567
    ],
    [
      93.038,
      34.234,
      56.365,
      0.0,
      21.26,
      74.243,
      37.483,
      3.606,
      38.601,
      36.125,
      35.228,
      31.064,
      62.65,
      23.345,
      89.454,
      49.01,
      25.495,
      80.0,
      87.092,
      45.31,
      62.394,
      15.811,
      39.623,
      8.062,
      71.218,
      106.93
    ],
    [
      72.801,
      23.324,
      36.401,
      21.26,
      0.0,
      58.549,
      25.08,
      17.804,
      23.537,
      15.264,
      24.187,
      22.023,
      46.271,
      19.313,
      73.171,
      35.468,
      12.728,
      65.513,
      73.246,
      26.173,
      42.953,
      11.045,
      18.385,
      18.028,
      50.0,
      86.729
    ],
    [
      35.44,
      75.392,
      29.206,
      74.243,
      58.549,
      0.0,
      74.733,
      72.062,
      70.214,
      54.231,
      75.769,
      76.217,
      12.369,
      51.971,
      15.297,
      25.495,
      49.01,
      8.485,
      16.401,
      33.838,
      23.345,
      69.584,
      49.659,
      75.027,
      42.048,
      45.277
    ],
    [
      78.058,
      3.606,
      46.84,
      37.483,
      25.08,
      74.733,
      0.0,
      34.234,
      5.0,
      20.591,
      2.828,
      7.211,
      62.61,
      44.385,
      87.596,
      56.08,
      37.216,
      82.735,
      90.785,
      41.183,
      53.852,
      22.023,
      25.08,
      29.833,
      50.488,
      91.351
    ],
    [
      89.961,
      31.064,
      53.31,
      3.606,
      17.804,
      72.062,
      34.234,
      0.0,
      35.171,
      32.558,
      32.062,
      28.0,
      60.299,
      22.136,
      87.207,
      47.043,
      23.087,
      78.058,
      85.288,
      42.379,
      59.464,
      12.369,
      36.125,
      5.831,
      67.801,
      103.87
    ],
    [
      73.062,
      7.616,
      42.059,
      38.601,
      23.537,
      70.214,
      5.0,
      35.171,
      0.0,
      16.401,
      7.28,
      10.817,
      58.181,
      42.72,
      82.873,
      52.345,
      34.928,
      78.294,
      86.354,
      36.892,
      49.041,
      22.804,
      20.591,
      31.385,
      45.541,
      86.371
    ],
    [
      61.392,
      21.19,
      27.166,
      36.125,
      15.264,
      54.231,
      20.591,
      32.558,
      16.401,
      0.0,
      21.541,
      22.361,
      42.048,
      31.016,
      67.446,
      36.069,
      22.023,
      62.169,
      70.214,
      20.591,
      34.234,
      22.472,
      5.0,
      31.401,
      36.235,
      75.186
    ],
    [
      80.156,
      1.0,
      48.27,
      35.228,
      24.187,
      75.769,
      2.828,
      32.062,
      7.28,
      21.541,
      0.0,
      4.472,
      63.561,
      43.382,
      88.888,
      56.4,
      36.62,
      83.672,
      91.706,
      42.048,
      55.317,
      20.025,
      26.249,
      27.459,
      52.773,
      93.536
    ],
    [
      82.492,
      3.606,
      49.497,
      31.064,
      22.023,
      76.217,
      7.211,
      28.0,
      10.817,
      22.361,
      4.472,
      0.0,
      63.906,
      40.817,
      89.739,
      55.758,
      34.713,
      83.934,
      91.924,
      42.379,
      56.569,
      16.279,
      27.295,
      23.195,
      55.543,
      96.026
    ],
    [
      38.013,
      63.159,
      18.601,
      62.65,
      46.271,
      12.369,
      62.61,
      60.299,
      58.181,
      42.048,
      63.561,
      63.906,
      0.0,
      41.11,
      27.0,
      15.264,
      37.216,
      20.125,
      28.178,
      21.541,
      14.56,
      57.315,
      37.59,
      63.008,
      35.511,
      50.21
    ],
    [
      75.213,
      42.485,
      39.598,
      23.345,
      19.313,
      51.971,
      44.385,
      22.136,
      42.72,
      31.016,
      43.382,
      40.817,
      41.11,
      0.0,
      67.268,
      26.476,
      9.22,
      57.14,
      64.0,
      28.32,
      44.204,
      26.173,
      31.575,
      26.833,
      58.249,
      88.752
    ],
    [
      31.401,
      88.6,
      40.853,
      89.454,
      73.171,
      15.297,
      87.596,
      87.207,
      82.873,
      67.446,
      88.888,
      89.739,
      27.0,
      67.268,
      0.0,
      40.792,
      64.125,
      12.728,
      13.153,
      47.676,
      34.015,
      84.214,
      62.642,
      90.006,
      48.104,
      36.878
    ],
    [
      52.402,
      55.803,
      23.087,
      49.01,
      35.468,
      25.495,
      56.08,
      47.043,
      52.345,
      36.069,
      56.4,
      55.758,
      15.264,
      26.476,
      40.792,
      0.0,
      24.331,
      31.016,
      38.328,
      17.464,
      23.77,
      46.174,
      32.802,
      50.488,
      43.566,
      65.115
    ],
    [
      68.6,
      35.805,
      32.202,
      25.495,
      12.728,
      49.01,
      37.216,
      23.087,
      34.928,
      22.023,
      36.62,
      34.713,
      37.216,
      9.22,
      64.125,
      24.331,
      0.0,
      55.227,
      62.65,
      20.809,
      37.59,
      22.361,
      22.361,
      26.173,
      49.82,
      82.365
    ],
    [
      40.2,
      83.259,
      37.643,
      80.0,
      65.513,
      8.485,
      82.735,
      78.058,
      78.294,
      62.169,
      83.672,
      83.934,
      20.125,
      57.14,
      12.728,
      31.016,
      55.227,
      0.0,
      8.062,
      41.629,
      31.828,
      76.485,
      57.706,
      81.394,
      50.12,
      48.104
    ],
    [
      44.102,
      91.285,
      45.607,
      87.092,
      73.246,
      16.401,
      90.785,
      85.288,
      86.354,
      70.214,
      91.706,
      91.924,
      28.178,
      64.0,
      13.153,
      38.328,
      62.65,
      8.062,
      0.0,
      49.659,
      39.623,
      84.172,
      65.765,
      88.814,
      57.14,
      50.01
    ],
    [
      47.885,
      41.629,
      11.402,
      45.31,
      26.173,
      33.838,
      41.183,
      42.379,
      36.892,
      20.591,
      42.048,
      42.379,
      21.541,
      28.32,
      47.676,
      17.464,
      20.809,
      41.629,
      49.659,
      0.0,
      17.088,
      37.054,
      16.401,
      43.932,
      30.414,
      61.717
    ],
    [
      31.064,
      55.109,
      7.071,
      62.394,
      42.953,
      23.345,
      53.852,
      59.464,
      49.041,
      34.234,
      55.317,
      56.569,
      14.56,
      44.204,
      34.015,
      23.77,
      37.59,
      31.828,
      39.623,
      17.088,
      0.0,
      53.6,
      29.275,
      60.877,
      21.095,
      44.777
    ],
    [
      82.861,
      19.026,
      46.872,
      15.811,
      11.045,
      69.584,
      22.023,
      12.369,
      22.804,
      22.472,
      20.025,
      16.279,
      57.315,
      26.173,
      84.214,
      46.174,
      22.361,
      76.485,
      84.172,
      37.054,
      53.6,
      0.0,
      26.833,
      9.22,
      58.669,
      96.768
    ],
    [
      56.515,
      25.962,
      22.204,
      39.623,
      18.385,
      49.659,
      25.08,
      36.125,
      20.591,
      5.0,
      26.249,
      27.295,
      37.59,
      31.575,
      62.642,
      32.802,
      22.361,
      57.706,
      65.765,
      16.401,
      29.275,
      26.833,
      0.0,
      35.511,
      31.906,
      70.342
    ],
    [
      90.824,
      26.476,
      54.406,
      8.062,
      18.028,
      75.027,
      29.833,
      5.831,
      31.385,
      31.401,
      27.459,
      23.195,
      63.008,
      26.833,
      90.006,
      50.488,
      26.173,
      81.394,
      88.814,
      43.932,
      60.877,
      9.22,
      35.511,
      0.0,
      67.417,
      104.752
    ],
    [
      28.284,
      52.953,
      20.616,
      71.218,
      50.0,
      42.048,
      50.488,
      67.801,
      45.541,
      36.235,
      52.773,
      55.543,
      35.511,
      58.249,
      48.104,
      43.566,
      49.82,
      50.12,
      57.14,
      30.414,
      21.095,
      58.669,
      31.906,
      67.417,
      0.0,
      41.012
    ],
    [
      13.928,
      93.648,
      50.567,
      106.93,
      86.729,
      45.277,
      91.351,
      103.87,
      86.371,
      75.186,
      93.536,
      96.026,
      50.21,
      88.752,
      36.878,
      65.115,
      82.365,
      48.104,
      50.01,
      61.717,
      44.777,
      96.768,
      70.342,
      104.752,
      41.012,
      0.0
    ]
  ]
}
