{
  "patients": [
    {
      "id": "p1",
      "location": [
        47.0,
        33.0
      ],
      "time_window": [
        345.0,
        465.0
      ],
      "required_caregivers": [
        {
          "service": "s4",
          "duration": 14.0
        }
      ]
    },
    {
      "id": "p2",
      "location": [
        54.0,
        26.0
      ],
      "time_window": [
        268.0,
        388.0
      ],
      "required_caregivers": [
        {
          "service": "s5",
          "duration": 14.0
        }
      ]
    },
    {
      "id": "p3",
      "location": [
        34.0,
        5.0
      ],
      "time_window": [
        247.0,
        367.0
      ],
      "required_caregivers": [
        {
          "service": "s2",
          "duration": 14.0
        }
      ]
    },
    {
      "id": "p4",
      "location": [
        78.0,
        36.0
      ],
      "time_window": [
        393.0,
        513.0
      ],
      "required_caregivers": [
        {
          "service": "s4",
          "duration": 14.0
        }
      ]
    },
    {
      "id": "p5",
      "location": [
        69.0,
        45.0
      ],
      "time_window": [
        254.0,
        374.0
      ],
      "required_caregivers": [
        {
          "service": "s3",
          "duration": 14.0
        }
      ]
    },
    {
      "id": "p6",
      "location": [
        17.0,
        8.0
      ],
      "time_window": [
        184.0,
        304.0
      ],
      "required_caregivers": [
        {
          "service": "s5",
          "duration": 14.0
        }
      ]
    },
    {
      "id": "p7",
      "location": [
        62.0,
        29.0
      ],
      "time_window": [
        434.0,
        554.0
      ],
      "required_caregivers": [
        {
          "service": "s3",
          "duration": 14.0
        }
      ]
    },
    {
      "id": "p8",
      "location": [
        92.0,
        4.0
      ],
      "time_window": [
        46.0,
        166.0
      ],
      "required_caregivers": [
        {
          "service": "s5",
          "duration": 14.0
        }
      ]
    },
    {
      "id": "p9",
      "location": [
        96.0,
        34.0
      ],
      "time_window": [
        298.0,
        418.0
      ],
      "required_caregivers": [
        {
          "service": "s5",
          "duration": 14.0
        }
      ]
    },
    {
      "id": "p10",
      "location": [
        76.0,
        0.0
      ],
      "time_window": [
        148.0,
        268.0
      ],
      "required_caregivers": [
        {
          "service": "s5",
          "duration": 14.0
        }
      ]
    },
    {
      "id": "p11",
      "location": [
        10.0,
        1.0
      ],
      "time_window": [
        409.0,
        529.0
      ],
      "required_caregivers": [
        {
          "service": "s2",
          "duration": 14.0
        }
      ]
    },
    {
      "id": "p12",
      "location": [
        74.0,
        36.0
      ],
      "time_window": [
        73.0,
        193.0
      ],
      "required_caregivers": [
        {
          "service": "s2",
          "duration": 14.0
        }
      ]
    },
    {
      "id": "p13",
      "location": [
        98.0,
        33.0
      ],
      "time_window": [
        157.0,
        277.0
      ],
      "required_caregivers": [
        {
          "service": "s2",
          "duration": 14.0
        }
      ]
    },
    {
      "id": "p14",
      "location": [
        37.0,
        48.0
      ],
      "time_window": [
        63.0,
        183.0
      ],
      "required_caregivers": [
        {
          "service": "s4",
          "duration": 14.0
        }
      ]
    },
    {
      "id": "p15",
      "location": [
        5.0,
        46.0
      ],
      "time_window": [
        282.0,
        402.0
      ],
      "required_caregivers": [
        {
          "service": "s1",
          "duration": 14.0
        }
      ]
    },
    {
      "id": "p16",
      "location": [
        0.0,
        8.0
      ],
      "time_window": [
        274.0,
        394.0
      ],
      "required_caregivers": [
        {
          "service": "s5",
          "duration": 14.0
        }
      ]
    },
    {
      "id": "p17",
      "location": [
        63.0,
        14.0
      ],
      "time_window": [
        152.0,
        272.0
      ],
      "required_caregivers": [
        {
          "service": "s3",
          "duration": 14.0
        }
      ]
    },
    {
      "id": "p18",
      "location": [
        89.0,
        15.0
      ],
      "time_window": [
        222.0,
        342.0
      ],
      "required_caregivers": [
        {
          "service": "s5",
          "duration": 14.0
        },
        {
          "service": "s6",
          "duration": 14.0
        }
      ],
      "synchronization": {
        "type": "simultaneous"
      }
    },
    {
      "id": "p19",
      "location": [
        75.0,
        28.0
      ],
      "time_window": [
        276.0,
        396.0
      ],
      "required_caregivers": [
        {
          "service": "s5",
          "duration": 14.0
        },
        {
          "service": "s6",
          "duration": 14.0
        }
      ],
      "synchronization": {
        "type": "simultaneous"
      }
    },
    {
      "id": "p20",
      "location": [
        15.0,
        9.0
      ],
      "time_window": [
        29.0,
        149.0
      ],
      "required_caregivers": [
        {
          "service": "s4",
          "duration": 14.0
        },
        {
          "service": "s6",
          "duration": 14.0
        }
      ],
      "synchronization": {
        "type": "simultaneous"
      }
    },
    {
      "id": "p21",
      "location": [
        77.0,
        16.0
      ],
      "time_window": [
        416.0,
        536.0
      ],
      "required_caregivers": [
        {
          "service": "s5",
          "duration": 14.0
        },
        {
          "service": "s6",
          "duration": 14.0
        }
      ],
      "synchronization": {
        "type": "simultaneous"
      }
    },
    {
      "id": "p22",
      "location": [
        77.0,
        15.0
      ],
      "time_window": [
        332.0,
        452.0
      ],
      "required_caregivers": [
        {
          "service": "s2",
          "duration": 14.0
        },
        {
          "service": "s4",
          "duration": 14.0
        }
      ],
      "synchronization": {
        "type": "sequential",
        "distance": [
          7,
          14
        ]
      }
    },
    {
      "id": "p23",
      "location": [
        20.0,
        8.0
      ],
      "time_window": [
        190.0,
        310.0
      ],
      "required_caregivers": [
        {
          "service": "s2",
          "duration": 14.0
        },
        {
          "service": "s6",
          "duration": 14.0
        }
      ],
      "synchronization": {
        "type": "sequential",
        "distance": [
          49,
          98
        ]
      }
    },
    {
      "id": "p24",
      "location": [
        0.0,
        22.0
      ],
      "time_window": [
        59.0,
        179.0
      ],
      "required_caregivers": [
        {
          "service": "s1",
          "duration": 14.0
        },
        {
          "service": "s4",
          "duration": 14.0
        }
      ],
      "synchronization": {
        "type": "sequential",
        "distance": [
          13,
          26
        ]
      }
    },
    {
      "id": "p25",
      "location": [
        0.0,
        0.0
      ],
      "time_window": [
        434.0,
        554.0
      ],
      "required_caregivers": [
        {
          "service": "s1",
          "duration": 14.0
        },
        {
          "service": "s4",
          "duration": 14.0
        }
      ],
      "synchronization": {
        "type": "sequential",
        "distance": [
          9,
          18
        ]
      }
    }
  ],
  "services": [
    {
      "id": "s1",
      "default_duration": 14.0
    },
    {
      "id": "s2",
      "default_duration": 14.0
    },
    {
      "id": "s3",
      "default_duration": 14.0
    },
    {
      "id": "s4",
      "default_duration": 14.0
    },
    {
      "id": "s5",
      "default_duration": 14.0
    },
    {
      "id": "s6",
      "default_duration": 14.0
    }
  ],
  "caregivers": [
    {
      "id": "c1",
      "abilities": [
        "s1"
      ]
    },
    {
      "id": "c2",
      "abilities": [
        "s2",
        "s3"
      ]
    },
    {
      "id": "c3",
      "abilities": [
        "s5",
        "s6"
      ]
    },
    {
      "id": "c4",
      "abilities": [
        "s4",
        "s5",
        "s6"
      ]
    },
    {
      "id": "c5",
      "abilities": [
        "s4",
        "s5",
        "s6"
      ]
    }
  ],
  "central_offices": [
    {
      "id": "d",
      "location": [
        85.0,
        2.0
      ]
    }
  ],
  "distances": [
    [
      0.0,
      49.041,
      39.205,
      51.088,
      34.713,
      45.88,
      68.264,
      35.468,
      7.28,
      33.838,
      9.22,
      75.007,
      35.735,
      33.615,
      66.483,
      91.302,
      85.212,
      25.06,
      13.601,
      27.857,
      70.349,
      16.125,
      15.264,
      65.276,
      87.321,
      85.024
    ],
    [
      49.041,
      0.0,
      9.899,
      30.871,
      31.145,
      25.06,
      39.051,
      15.524,
      53.535,
      49.01,
      43.932,
      48.918,
      27.166,
      51.0,
      18.028,
      43.966,
      53.235,
      24.839,
      45.695,
      28.443,
      40.0,
      34.482,
      34.986,
      36.797,
      48.27,
      57.428
    ],
    [
      39.205,
      9.899,
      0.0,
      29.0,
      26.0,
      24.207,
      41.146,
      8.544,
      43.909,
      42.755,
      34.059,
      50.606,
      22.361,
      44.553,
      27.803,
      52.924,
      56.921,
      15.0,
      36.688,
      21.095,
      42.544,
      25.08,
      25.495,
      38.471,
      54.148,
      59.933
    ],
    [
      51.088,
      30.871,
      29.0,
      0.0,
      53.824,
      53.151,
      17.263,
      36.878,
      58.009,
      68.447,
      42.297,
      24.331,
      50.606,
      69.857,
      43.105,
      50.22,
      34.132,
      30.364,
      55.902,
      47.011,
      19.416,
      44.385,
      44.147,
      14.318,
      38.013,
      34.366
    ],
    [
      34.713,
      31.145,
      26.0,
      53.824,
      0.0,
      12.728,
      67.119,
      17.464,
      34.928,
      18.111,
      36.056,
      76.479,
      4.0,
      20.224,
      42.72,
      73.682,
      82.873,
      26.627,
      23.707,
      8.544,
      68.542,
      20.025,
      21.024,
      64.405,
      79.246,
      85.907
    ],
    [
      45.88,
      25.06,
      24.207,
      53.151,
      12.728,
      0.0,
      63.82,
      17.464,
      47.011,
      29.155,
      45.541,
      73.6,
      10.296,
      31.385,
      32.14,
      64.008,
      78.294,
      31.575,
      36.056,
      18.028,
      64.9,
      30.083,
      31.048,
      61.4,
      72.732,
      82.377
    ],
    [
      68.264,
      39.051,
      41.146,
      17.263,
      67.119,
      63.82,
      0.0,
      49.659,
      75.107,
      83.168,
      59.54,
      9.899,
      63.506,
      84.77,
      44.721,
      39.85,
      17.0,
      46.39,
      72.339,
      61.351,
      2.236,
      60.531,
      60.407,
      3.0,
      22.023,
      18.788
    ],
    [
      35.468,
      15.524,
      8.544,
      36.878,
      17.464,
      17.464,
      49.659,
      0.0,
      39.051,
      34.366,
      32.202,
      59.059,
      13.892,
      36.222,
      31.401,
      59.481,
      65.46,
      15.033,
      30.414,
      13.038,
      51.078,
      19.849,
      20.518,
      46.957,
      62.394,
      68.447
    ],
    [
      7.28,
      53.535,
      43.909,
      58.009,
      34.928,
      47.011,
      75.107,
      39.051,
      0.0,
      30.265,
      16.492,
      82.055,
      36.715,
      29.614,
      70.434,
      96.607,
      92.087,
      30.676,
      11.402,
      29.411,
      77.162,
      19.209,
      18.601,
      72.111,
      93.744,
      92.087
    ],
    [
      33.838,
      49.01,
      42.755,
      68.447,
      18.111,
      29.155,
      83.168,
      34.366,
      30.265,
      0.0,
      39.446,
      92.114,
      22.091,
      2.236,
      60.638,
      91.788,
      99.459,
      38.588,
      20.248,
      21.84,
      84.77,
      26.173,
      26.87,
      80.324,
      96.747,
      101.843
    ],
    [
      9.22,
      43.932,
      34.059,
      42.297,
      36.056,
      45.541,
      59.54,
      32.202,
      16.492,
      39.446,
      0.0,
      66.008,
      36.056,
      39.661,
      61.847,
      84.599,
      76.42,
      19.105,
      19.849,
      28.018,
      61.66,
      16.031,
      15.033,
      56.569,
      79.12,
      76.0
    ],
    [
      75.007,
      48.918,
      50.606,
      24.331,
      76.479,
      73.6,
      9.899,
      59.059,
      82.055,
      92.114,
      66.008,
      0.0,
      72.945,
      93.638,
      54.203,
      45.277,
      12.207,
      54.571,
      80.231,
      70.385,
      9.434,
      68.659,
      68.447,
      12.207,
      23.259,
      10.05
    ],
    [
      35.735,
      27.166,
      22.361,
      50.606,
      4.0,
      10.296,
      63.506,
      13.892,
      36.715,
      22.091,
      36.056,
      72.945,
      0.0,
      24.187,
      38.897,
      69.721,
      79.12,
      24.597,
      25.807,
      8.062,
      64.885,
      20.224,
      21.213,
      60.828,
      75.313,
      82.292
    ],
    [
      33.615,
      51.0,
      44.553,
      69.857,
      20.224,
      31.385,
      84.77,
      36.222,
      29.614,
      2.236,
      39.661,
      93.638,
      24.187,
      0.0,
      62.817,
      93.904,
      101.139,
      39.825,
      20.125,
      23.537,
      86.4,
      27.019,
      27.659,
      81.908,
      98.615,
      103.407
    ],
    [
      66.483,
      18.028,
      27.803,
      43.105,
      42.72,
      32.14,
      44.721,
      31.401,
      70.434,
      60.638,
      61.847,
      54.203,
      38.897,
      62.817,
      0.0,
      32.062,
      54.489,
      42.802,
      61.587,
      42.942,
      44.777,
      51.225,
      51.856,
      43.463,
      45.222,
      60.605
    ],
    [
      91.302,
      43.966,
      52.924,
      50.22,
      73.682,
      64.008,
      39.85,
      59.481,
      96.607,
      91.788,
      84.599,
      45.277,
      69.721,
      93.904,
      32.062,
      0.0,
      38.328,
      66.242,
      89.538,
      72.277,
      38.328,
      78.0,
      78.39,
      40.853,
      24.515,
      46.271
    ],
    [
      85.212,
      53.235,
      56.921,
      34.132,
      82.873,
      78.294,
      17.0,
      65.46,
      92.087,
      99.459,
      76.42,
      12.207,
      79.12,
      101.139,
      54.489,
      38.328,
      0.0,
      63.285,
      89.275,
      77.621,
      15.033,
      77.414,
      77.318,
      20.0,
      14.0,
      8.0
    ],
    [
      25.06,
      24.839,
      15.0,
      30.364,
      26.627,
      31.575,
      46.39,
      15.033,
      30.676,
      38.588,
      19.105,
      54.571,
      24.597,
      39.825,
      42.802,
      66.242,
      63.285,
      0.0,
      26.019,
      18.439,
      48.26,
      14.142,
      14.036,
      43.417,
      63.506,
      64.537
    ],
    [
      13.601,
      45.695,
      36.688,
      55.902,
      23.707,
      36.056,
      72.339,
      30.414,
      11.402,
      20.248,
      19.849,
      80.231,
      25.807,
      20.125,
      61.587,
      89.538,
      89.275,
      26.019,
      0.0,
      19.105,
      74.243,
      12.042,
      12.0,
      69.354,
      89.275,
      90.255
    ],
    [
      27.857,
      28.443,
      21.095,
      47.011,
      8.544,
      18.028,
      61.351,
      13.038,
      29.411,
      21.84,
      28.018,
      70.385,
      8.062,
      23.537,
      42.942,
      72.277,
      77.621,
      18.439,
      19.105,
      0.0,
      62.936,
      12.166,
      13.153,
      58.524,
      75.24,
      80.056
    ],
    [
      70.349,
      40.0,
      42.544,
      19.416,
      68.542,
      64.9,
      2.236,
      51.078,
      77.162,
      84.77,
      61.66,
      9.434,
      64.885,
      86.4,
      44.777,
      38.328,
      15.033,
      48.26,
      74.243,
      62.936,
      0.0,
      62.394,
      62.29,
      5.099,
      19.849,
      17.493
    ],
    [
      16.125,
      34.482,
      25.08,
      44.385,
      20.025,
      30.083,
      60.531,
      19.849,
      19.209,
      26.173,
      16.031,
      68.659,
      20.224,
      27.019,
      51.225,
      78.0,
      77.414,
      14.142,
      12.042,
      12.166,
      62.394,
      0.0,
      1.0,
      57.559,
      77.233,
      78.645
    ],
    [
      15.264,
      34.986,
      25.495,
      44.147,
      21.024,
      31.048,
      60.407,
      20.518,
      18.601,
      26.87,
      15.033,
      68.447,
      21.213,
      27.659,
      51.856,
      78.39,
      77.318,
      14.036,
      12.0,
      13.153,
      62.29,
      1.0,
      0.0,
      57.428,
      77.318,
      78.447
    ],
    [
      65.276,
      36.797,
      38.471,
      14.318,
      64.405,
      61.4,
      3.0,
      46.957,
      72.111,
      80.324,
      56.569,
      12.207,
      60.828,
      81.908,
      43.463,
      40.853,
      20.0,
      43.417,
      69.354,
      58.524,
      5.099,
      57.559,
      57.428,
      0.0,
      24.413,
      21.541
    ],
    [
      87.321,
      48.27,
      54.148,
      38.013,
      79.246,
      72.732,
      22.023,
      62.394,
      93.744,
      96.747,
      79.12,
      23.259,
      75.313,
      98.615,
      45.222,
      24.515,
      14.0,
      63.506,
      89.275,
      75.24,
      19.849,
      77.233,
      77.318,
      24.413,
      0.0,
      22.0
    ],
    [
      85.024,
      57.428,
      59.933,
      34.366,
      85.907,
      82.377,
      18.788,
      68.447,
      92.087,
      101.843,
      76.0,
      10.05,
      82.292,
      103.407,
      60.605,
      46.271,
      8.0,
      64.537,
      90.255,
      80.056,
      17.493,
      78.645,
      78.447,
      21.541,
      22.0,
      0.0
    ]
  ]
}
