{
  "patients": [
    {
      "id": "p1",
      "location": [
        40.0,
        16.0
      ],
      "time_window": [
        28.0,
        148.0
      ],
      "required_caregivers": [
        {
          "service": "s5",
          "duration": 11.0
        }
      ]
    },
    {
      "id": "p2",
      "location": [
        89.0,
        48.0
      ],
      "time_window": [
        252.0,
        372.0
      ],
      "required_caregivers": [
        {
          "service": "s1",
          "duration": 11.0
        }
      ]
    },
    {
      "id": "p3",
      "location": [
        6.0,
        31.0
      ],
      "time_window": [
        200.0,
        320.0
      ],
      "required_caregivers": [
        {
          "service": "s3",
          "duration": 11.0
        }
      ]
    },
    {
      "id": "p4",
      "location": [
        47.0,
        49.0
      ],
      "time_window": [
        427.0,
        547.0
      ],
      "required_caregivers": [
        {
          "service": "s2",
          "duration": 11.0
        }
      ]
    },
    {
      "id": "p5",
      "location": [
        94.0,
        9.0
      ],
      "time_window": [
        309.0,
        429.0
      ],
      "required_caregivers": [
        {
          "service": "s4",
          "duration": 11.0
        }
      ]
    },
    {
      "id": "p6",
      "location": [
        34.0,
        8.0
      ],
      "time_window": [
        390.0,
        510.0
      ],
      "required_caregivers": [
        {
          "service": "s1",
          "duration": 11.0
        }
      ]
    },
    {
      "id": "p7",
      "location": [
        14.0,
        2.0
      ],
      "time_window": [
        366.0,
        486.0
      ],
      "required_caregivers": [
        {
          "service": "s1",
          "duration": 11.0
        }
      ]
    },
    {
      "id": "p8",
      "location": [
        67.0,
        20.0
      ],
      "time_window": [
        39.0,
        159.0
      ],
      "required_caregivers": [
        {
          "service": "s4",
          "duration": 11.0
        }
      ]
    },
    {
      "id": "p9",
      "location": [
        30.0,
        23.0
      ],
      "time_window": [
        7.0,
        127.0
      ],
      "required_caregivers": [
        {
          "service": "s2",
          "duration": 11.0
        }
      ]
    },
    {
      "id": "p10",
      "location": [
        78.0,
        14.0
      ],
      "time_window": [
        348.0,
        468.0
      ],
      "required_caregivers": [
        {
          "service": "s1",
          "duration": 11.0
        }
      ]
    },
    {
      "id": "p11",
      "location": [
        99.0,
        12.0
      ],
      "time_window": [
        14.0,
        134.0
      ],
      "required_caregivers": [
        {
          "service": "s3",
          "duration": 11.0
        }
      ]
    },
    {
      "id": "p12",
      "location": [
        56.0,
        44.0
      ],
      "time_window": [
        446.0,
        566.0
      ],
      "required_caregivers": [
        {
          "service": "s3",
          "duration": 11.0
        }
      ]
    },
    {
      "id": "p13",
      "location": [
        62.0,
        13.0
      ],
      "time_window": [
        154.0,
        274.0
      ],
      "required_caregivers": [
        {
          "service": "s5",
          "duration": 11.0
        }
      ]
    },
    {
      "id": "p14",
      "location": [
        53.0,
        34.0
      ],
      "time_window": [
        54.0,
        174.0
      ],
      "required_caregivers": [
        {
          "service": "s1",
          "duration": 11.0
        }
      ]
    },
    {
      "id": "p15",
      "location": [
        79.0,
        6.0
      ],
      "time_window": [
        434.0,
        554.0
      ],
      "required_caregivers": [
        {
          "service": "s3",
          "duration": 11.0
        }
      ]
    },
    {
      "id": "p16",
      "location": [
        7.0,
        38.0
      ],
      "time_window": [
        416.0,
        536.0
      ],
      "required_caregivers": [
        {
          "service": "s3",
          "duration": 11.0
        }
      ]
    },
    {
      "id": "p17",
      "location": [
        30.0,
        26.0
      ],
      "time_window": [
        187.0,
        307.0
      ],
      "required_caregivers": [
        {
          "service": "s2",
          "duration": 11.0
        }
      ]
    },
    {
      "id": "p18",
      "location": [
        97.0,
        44.0
      ],
      "time_window": [
        399.0,
        519.0
      ],
      "required_caregivers": [
        {
          "service": "s4",
          "duration": 11.0
        },
        {
          "service": "s6",
          "duration": 11.0
        }
      ],
      "synchronization": {
        "type": "simultaneous"
      }
    },
    {
      "id": "p19",
      "location": [
        67.0,
        47.0
      ],
      "time_window": [
        290.0,
        410.0
      ],
      "required_caregivers": [
        {
          "service": "s4",
          "duration": 11.0
        },
        {
          "service": "s6",
          "duration": 11.0
        }
      ],
      "synchronization": {
        "type": "simultaneous"
      }
    },
    {
      "id": "p20",
      "location": [
        2.0,
        41.0
      ],
      "time_window": [
        431.0,
        551.0
      ],
      "required_caregivers": [
        {
          "service": "s4",
          "duration": 11.0
        },
        {
          "service": "s6",
          "duration": 11.0
        }
      ],
      "synchronization": {
        "type": "simultaneous"
      }
    },
    {
      "id": "p21",
      "location": [
        58.0,
        36.0
      ],
      "time_window": [
        438.0,
        558.0
      ],
      "required_caregivers": [
        {
          "service": "s4",
          "duration": 11.0
        },
        {
          "service": "s5",
          "duration": 11.0
        }
      ],
      "synchronization": {
        "type": "simultaneous"
      }
    },
    {
      "id": "p22",
      "location": [
        42.0,
        35.0
      ],
      "time_window": [
        207.0,
        327.0
      ],
      "required_caregivers": [
        {
          "service": "s3",
          "duration": 11.0
        },
        {
          "service": "s4",
          "duration": 11.0
        }
      ],
      "synchronization": {
        "type": "sequential",
        "distance": [
          24,
          48
        ]
      }
    },
    {
      "id": "p23",
      "location": [
        34.0,
        38.0
      ],
      "time_window": [
        359.0,
        479.0
      ],
      "required_caregivers": [
        {
          "service": "s2",
          "duration": 11.0
        },
        {
          "service": "s5",
          "duration": 11.0
        }
      ],
      "synchronization": {
        "type": "sequential",
        "distance": [
          17,
          34
        ]
      }
    },
    {
      "id": "p24",
      "location": [
        36.0,
        33.0
      ],
      "time_window": [
        442.0,
        562.0
      ],
      "required_caregivers": [
        {
          "service": "s1",
          "duration": 11.0
        },
        {
          "service": "s5",
          "duration": 11.0
        }
      ],
      "synchronization": {
        "type": "sequential",
        "distance": [
          51,
          102
        ]
      }
    },
    {
      "id": "p25",
      "location": [
        0.0,
        0.0
      ],
      "time_window": [
        256.0,
        376.0
      ],
      "required_caregivers": [
        {
          "service": "s3",
          "duration": 11.0
        },
        {
          "service": "s5",
          "duration": 11.0
        }
      ],
      "synchronization": {
        "type": "sequential",
        "distance": [
          60,
          120
        ]
      }
    }
  ],
  "services": [
    {
      "id": "s1",
      "default_duration": 11.0
    },
    {
      "id": "s2",
      "default_duration": 11.0
    },
    {
      "id": "s3",
      "default_duration": 11.0
    },
    {
      "id": "s4",
      "default_duration": 11.0
    },
    {
      "id": "s5",
      "default_duration": 11.0
    },
    {
      "id": "s6",
      "default_duration": 11.0
    }
  ],
  "caregivers": [
    {
      "id": "c1",
      "abilities": [
        "s1",
        "s2"
      ]
    },
    {
      "id": "c2",
      "abilities": [
        "s3"
      ]
    },
    {
      "id": "c3",
      "abilities": [
        "s4",
        "s5",
        "s6"
      ]
    },
    {
      "id": "c4",
      "abilities": [
        "s4",
        "s5",
        "s6"
      ]
    },
    {
      "id": "c5",
      "abilities": [
        "s4",
        "s6"
      ]
    }
  ],
  "central_offices": [
    {
      "id": "d",
      "location": [
        8.0,
        9.0
      ]
    }
  ],
  "distances": [
    [
      0.0,
      32.757,
      89.9,
      22.091,
      55.866,
      86.0,
      26.019,
      9.22,
      60.017,
      26.077,
      70.178,
      91.049,
      59.405,
      54.148,
      51.478,
      71.063,
      29.017,
      27.803,
      95.635,
      70.178,
      32.558,
      56.824,
      42.802,
      38.949,
      36.878,
      12.042
    ],
    [
      32.757,
      0.0,
      58.524,
      37.162,
      33.734,
      54.452,
      10.0,
      29.53,
      27.295,
      12.207,
      38.053,
      59.135,
      32.249,
      22.204,
      22.204,
      40.262,
      39.661,
      14.142,
      63.506,
      41.11,
      45.486,
      26.907,
      19.105,
      22.804,
      17.464,
      43.081
    ],
    [
      89.9,
      58.524,
      0.0,
      84.723,
      42.012,
      39.319,
      68.007,
      87.983,
      35.609,
      64.078,
      35.735,
      37.363,
      33.242,
      44.204,
      38.626,
      43.174,
      82.608,
      62.968,
      8.944,
      22.023,
      87.281,
      33.242,
      48.765,
      55.902,
      55.082,
      101.119
    ],
    [
      22.091,
      37.162,
      84.723,
      0.0,
      44.777,
      90.708,
      36.235,
      30.083,
      61.984,
      25.298,
      73.98,
      94.921,
      51.662,
      58.822,
      47.096,
      77.162,
      7.071,
      24.515,
      91.924,
      63.063,
      10.77,
      52.24,
      36.222,
      28.862,
      30.067,
      31.575
    ],
    [
      55.866,
      33.734,
      42.012,
      44.777,
      0.0,
      61.717,
      43.012,
      57.428,
      35.228,
      31.064,
      46.755,
      63.82,
      10.296,
      39.0,
      16.155,
      53.6,
      41.485,
      28.601,
      50.249,
      20.1,
      45.706,
      17.029,
      14.866,
      17.029,
      19.416,
      67.897
    ],
    [
      86.0,
      54.452,
      39.319,
      90.708,
      61.717,
      0.0,
      60.008,
      80.306,
      29.155,
      65.513,
      16.763,
      5.831,
      51.662,
      32.249,
      48.021,
      15.297,
      91.706,
      66.219,
      35.128,
      46.615,
      97.406,
      45.0,
      58.138,
      66.641,
      62.769,
      94.43
    ],
    [
      26.019,
      10.0,
      68.007,
      36.235,
      43.012,
      60.008,
      0.0,
      20.881,
      35.114,
      15.524,
      44.407,
      65.123,
      42.19,
      28.443,
      32.202,
      45.044,
      40.361,
      18.439,
      72.56,
      51.088,
      45.967,
      36.878,
      28.16,
      30.0,
      25.08,
      34.928
    ],
    [
      9.22,
      29.53,
      87.983,
      30.083,
      57.428,
      80.306,
      20.881,
      0.0,
      55.973,
      26.401,
      65.115,
      85.586,
      59.397,
      49.244,
      50.448,
      65.123,
      36.674,
      28.844,
      93.022,
      69.527,
      40.804,
      55.606,
      43.278,
      41.183,
      38.013,
      14.142
    ],
    [
      60.017,
      27.295,
      35.609,
      61.984,
      35.228,
      29.155,
      35.114,
      55.973,
      0.0,
      37.121,
      12.53,
      32.985,
      26.401,
      8.602,
      19.799,
      18.439,
      62.642,
      37.483,
      38.419,
      27.0,
      68.308,
      18.358,
      29.155,
      37.59,
      33.615,
      69.921
    ],
    [
      26.077,
      12.207,
      64.078,
      25.298,
      31.064,
      65.513,
      15.524,
      26.401,
      37.121,
      0.0,
      48.836,
      69.871,
      33.422,
      33.526,
      25.495,
      51.865,
      27.459,
      3.0,
      70.214,
      44.102,
      33.287,
      30.871,
      16.971,
      15.524,
      11.662,
      37.802
    ],
    [
      70.178,
      38.053,
      35.735,
      73.98,
      46.755,
      16.763,
      44.407,
      65.115,
      12.53,
      48.836,
      0.0,
      21.095,
      37.202,
      16.031,
      32.016,
      8.062,
      74.947,
      49.477,
      35.511,
      34.785,
      80.654,
      29.732,
      41.677,
      50.12,
      46.098,
      79.246
    ],
    [
      91.049,
      59.135,
      37.363,
      94.921,
      63.82,
      5.831,
      65.123,
      85.586,
      32.985,
      69.871,
      21.095,
      0.0,
      53.6,
      37.014,
      50.99,
      20.881,
      95.603,
      70.406,
      32.062,
      47.424,
      101.242,
      47.508,
      61.465,
      70.007,
      66.408,
      99.725
    ],
    [
      59.405,
      32.249,
      33.242,
      51.662,
      10.296,
      51.662,
      42.19,
      59.397,
      26.401,
      33.422,
      37.202,
      53.6,
      0.0,
      31.575,
      10.44,
      44.418,
      49.366,
      31.623,
      41.0,
      11.402,
      54.083,
      8.246,
      16.643,
      22.804,
      22.825,
      71.218
    ],
    [
      54.148,
      22.204,
      44.204,
      58.822,
      39.0,
      32.249,
      28.443,
      49.244,
      8.602,
      33.526,
      16.031,
      37.014,
      31.575,
      0.0,
      22.847,
      18.385,
      60.415,
      34.54,
      46.755,
      34.366,
      66.212,
      23.345,
      29.732,
      37.537,
      32.802,
      63.348
    ],
    [
      51.478,
      22.204,
      38.626,
      47.096,
      16.155,
      48.021,
      32.202,
      50.448,
      19.799,
      25.495,
      32.016,
      50.99,
      10.44,
      22.847,
      0.0,
      38.21,
      46.174,
      24.352,
      45.122,
      19.105,
      51.478,
      5.385,
      11.045,
      19.416,
      17.029,
      62.968
    ],
    [
      71.063,
      40.262,
      43.174,
      77.162,
      53.6,
      15.297,
      45.044,
      65.123,
      18.439,
      51.865,
      8.062,
      20.881,
      44.418,
      18.385,
      38.21,
      0.0,
      78.791,
      52.924,
      42.048,
      42.72,
      84.581,
      36.62,
      47.011,
      55.218,
      50.774,
      79.228
    ],
    [
      29.017,
      39.661,
      82.608,
      7.071,
      41.485,
      91.706,
      40.361,
      36.674,
      62.642,
      27.459,
      74.947,
      95.603,
      49.366,
      60.415,
      46.174,
      78.791,
      0.0,
      25.942,
      90.2,
      60.671,
      5.831,
      51.039,
      35.128,
      27.0,
      29.428,
      38.639
    ],
    [
      27.803,
      14.142,
      62.968,
      24.515,
      28.601,
      66.219,
      18.439,
      28.844,
      37.483,
      3.0,
      49.477,
      70.406,
      31.623,
      34.54,
      24.352,
      52.924,
      25.942,
      0.0,
      69.376,
      42.544,
      31.765,
      29.732,
      15.0,
      12.649,
      9.22,
      39.699
    ],
    [
      95.635,
      63.506,
      8.944,
      91.924,
      50.249,
      35.128,
      72.56,
      93.022,
      38.419,
      70.214,
      35.511,
      32.062,
      41.0,
      46.755,
      45.122,
      42.048,
      90.2,
      69.376,
      0.0,
      30.15,
      95.047,
      39.812,
      55.732,
      63.285,
      61.984,
      106.513
    ],
    [
      70.178,
      41.11,
      22.023,
      63.063,
      20.1,
      46.615,
      51.088,
      69.527,
      27.0,
      44.102,
      34.785,
      47.424,
      11.402,
      34.366,
      19.105,
      42.72,
      60.671,
      42.544,
      30.15,
      0.0,
      65.276,
      14.213,
      27.731,
      34.205,
      34.015,
      81.841
    ],
    [
      32.558,
      45.486,
      87.281,
      10.77,
      45.706,
      97.406,
      45.967,
      40.804,
      68.308,
      33.287,
      80.654,
      101.242,
      54.083,
      66.212,
      51.478,
      84.581,
      5.831,
      31.765,
      95.047,
      65.276,
      0.0,
      56.223,
      40.448,
      32.14,
      34.928,
      41.049
    ],
    [
      56.824,
      26.907,
      33.242,
      52.24,
      17.029,
      45.0,
      36.878,
      55.606,
      18.358,
      30.871,
      29.732,
      47.508,
      8.246,
      23.345,
      5.385,
      36.62,
      51.039,
      29.732,
      39.812,
      14.213,
      56.223,
      0.0,
      16.031,
      24.083,
      22.204,
      68.264
    ],
    [
      42.802,
      19.105,
      48.765,
      36.222,
      14.866,
      58.138,
      28.16,
      43.278,
      29.155,
      16.971,
      41.677,
      61.465,
      16.643,
      29.732,
      11.045,
      47.011,
      35.128,
      15.0,
      55.732,
      27.731,
      40.448,
      16.031,
      0.0,
      8.544,
      6.325,
      54.672
    ],
    [
      38.949,
      22.804,
      55.902,
      28.862,
      17.029,
      66.641,
      30.0,
      41.183,
      37.59,
      15.524,
      50.12,
      70.007,
      22.804,
      37.537,
      19.416,
      55.218,
      27.0,
      12.649,
      63.285,
      34.205,
      32.14,
      24.083,
      8.544,
      0.0,
      5.385,
      50.99
    ],
    [
      36.878,
      17.464,
      55.082,
      30.067,
      19.416,
      62.769,
      25.08,
      38.013,
      33.615,
      11.662,
      46.098,
      66.408,
      22.825,
      32.802,
      17.029,
      50.774,
      29.428,
      9.22,
      61.984,
      34.015,
      34.928,
      22.204,
      6.325,
      5.385,
      0.0,
      48.836
    ],
    [
      12.042,
      43.081,
      101.119,
      31.575,
      67.897,
      94.43,
      34.928,
      14.142,
      69.921,
      37.802,
      79.246,
      99.725,
      71.218,
      63.348,
      62.968,
      79.228,
      38.639,
      39.699,
      106.513,
      81.841,
      41.049,
      68.264,
      54.672,
      50.99,
      48.836,
      0.0
    ]
  ]
}
