{
  "patients": [
    {
      "id": "p1",
      "location": [
        10.0,
        21.0
      ],
      "time_window": [
        134.0,
        254.0
      ],
      "required_caregivers": [
        {
          "service": "s3",
          "duration": 16.0
        }
      ]
    },
    {
      "id": "p2",
      "location": [
        28.0,
        7.0
      ],
      "time_window": [
        140.0,
        260.0
      ],
      "required_caregivers": [
        {
          "service": "s3",
          "duration": 16.0
        }
      ]
    },
    {
      "id": "p3",
      "location": [
        49.0,
        39.0
      ],
      "time_window": [
        450.0,
        570.0
      ],
      "required_caregivers": [
        {
          "service": "s1",
          "duration": 16.0
        }
      ]
    },
    {
      "id": "p4",
      "location": [
        59.0,
        29.0
      ],
      "time_window": [
        181.0,
        301.0
      ],
      "required_caregivers": [
        {
          "service": "s2",
          "duration": 16.0
        }
      ]
    },
    {
      "id": "p5",
      "location": [
        85.0,
        38.0
      ],
      "time_window": [
        408.0,
        528.0
      ],
      "required_caregivers": [
        {
          "service": "s1",
          "duration": 16.0
        }
      ]
    },
    {
      "id": "p6",
      "location": [
        77.0,
        7.0
      ],
      "time_window": [
        162.0,
        282.0
      ],
      "required_caregivers": [
        {
          "service": "s1",
          "duration": 16.0
        }
      ]
    },
    {
      "id": "p7",
      "location": [
        81.0,
        46.0
      ],
      "time_window": [
        69.0,
        189.0
      ],
      "required_caregivers": [
        {
          "service": "s4",
          "duration": 16.0
        }
      ]
    },
    {
      "id": "p8",
      "location": [
        76.0,
        30.0
      ],
      "time_window": [
        244.0,
        364.0
      ],
      "required_caregivers": [
        {
          "service": "s5",
          "duration": 16.0
        }
      ]
    },
    {
      "id": "p9",
      "location": [
        86.0,
        10.0
      ],
      "time_window": [
        19.0,
        139.0
      ],
      "required_caregivers": [
        {
          "service": "s2",
          "duration": 16.0
        }
      ]
    },
    {
      "id": "p10",
      "location": [
        11.0,
        26.0
      ],
      "time_window": [
        121.0,
        241.0
      ],
      "required_caregivers": [
        {
          "service": "s2",
          "duration": 16.0
        }
      ]
    },
    {
      "id": "p11",
      "location": [
        85.0,
        25.0
      ],
      "time_window": [
        465.0,
        585.0
      ],
      "required_caregivers": [
        {
          "service": "s4",
          "duration": 16.0
        }
      ]
    },
    {
      "id": "p12",
      "location": [
        78.0,
        25.0
      ],
      "time_window": [
        322.0,
        442.0
      ],
      "required_caregivers": [
        {
          "service": "s5",
          "duration": 16.0
        }
      ]
    },
    {
      "id": "p13",
      "location": [
        57.0,
        36.0
      ],
      "time_window": [
        197.0,
        317.0
      ],
      "required_caregivers": [
        {
          "service": "s6",
          "duration": 16.0
        }
      ]
    },
    {
      "id": "p14",
      "location": [
        46.0,
        21.0
      ],
      "time_window": [
        334.0,
        454.0
      ],
      "required_caregivers": [
        {
          "service": "s5",
          "duration": 16.0
        }
      ]
    },
    {
      "id": "p15",
      "location": [
        38.0,
        37.0
      ],
      "time_window": [
        21.0,
        141.0
      ],
      "required_caregivers": [
        {
          "service": "s4",
          "duration": 16.0
        }
      ]
    },
    {
      "id": "p16",
      "location": [
        22.0,
        45.0
      ],
      "time_window": [
        166.0,
        286.0
      ],
      "required_caregivers": [
        {
          "service": "s5",
          "duration": 16.0
        }
      ]
    },
    {
      "id": "p17",
      "location": [
        92.0,
        22.0
      ],
      "time_window": [
        336.0,
        456.0
      ],
      "required_caregivers": [
        {
          "service": "s1",
          "duration": 16.0
        }
      ]
    },
    {
      "id": "p18",
      "location": [
        61.0,
        0.0
      ],
      "time_window": [
        297.0,
        417.0
      ],
      "required_caregivers": [
        {
          "service": "s4",
          "duration": 16.0
        },
        {
          "service": "s5",
          "duration": 16.0
        }
      ],
      "synchronization": {
        "type": "simultaneous"
      }
    },
    {
      "id": "p19",
      "location": [
        53.0,
        9.0
      ],
      "time_window": [
        286.0,
        406.0
      ],
      "required_caregivers": [
        {
          "service": "s4",
          "duration": 16.0
        },
        {
          "service": "s5",
          "duration": 16.0
        }
      ],
      "synchronization": {
        "type": "simultaneous"
      }
    },
    {
      "id": "p20",
      "location": [
        57.0,
        15.0
      ],
      "time_window": [
        19.0,
        139.0
      ],
      "required_caregivers": [
        {
          "service": "s5",
          "duration": 16.0
        },
        {
          "service": "s6",
          "duration": 16.0
        }
      ],
      "synchronization": {
        "type": "simultaneous"
      }
    },
    {
      "id": "p21",
      "location": [
        32.0,
        30.0
      ],
      "time_window": [
        271.0,
        391.0
      ],
      "required_caregivers": [
        {
          "service": "s5",
          "duration": 16.0
        },
        {
          "service": "s6",
          "duration": 16.0
        }
      ],
      "synchronization": {
        "type": "simultaneous"
      }
    },
    {
      "id": "p22",
      "location": [
        70.0,
        46.0
      ],
      "time_window": [
        132.0,
        252.0
      ],
      "required_caregivers": [
        {
          "service": "s3",
          "duration": 16.0
        },
        {
          "service": "s6",
          "duration": 16.0
        }
      ],
      "synchronization": {
        "type": "sequential",
        "distance": [
          19,
          38
        ]
      }
    },
    {
      "id": "p23",
      "location": [
        28.0,
        45.0
      ],
      "time_window": [
        25.0,
        145.0
      ],
      "required_caregivers": [
        {
          "service": "s3",
          "duration": 16.0
        },
        {
          "service": "s6",
          "duration": 16.0
        }
      ],
      "synchronization": {
        "type": "sequential",
        "distance": [
          6,
          12
        ]
      }
    },
    {
      "id": "p24",
      "location": [
        24.0,
        30.0
      ],
      "time_window": [
        155.0,
        275.0
      ],
      "required_caregivers": [
        {
          "service": "s3",
          "duration": 16.0
        },
        {
          "service": "s4",
          "duration": 16.0
        }
      ],
      "synchronization": {
        "type": "sequential",
        "distance": [
          59,
          118
        ]
      }
    },
    {
      "id": "p25",
      "location": [
        0.0,
        0.0
      ],
      "time_window": [
        358.0,
        478.0
      ],
      "required_caregivers": [
        {
          "service": "s1",
          "duration": 16.0
        },
        {
          "service": "s6",
          "duration": 16.0
        }
      ],
      "synchronization": {
        "type": "sequential",
        "distance": [
          43,
          86
        ]
      }
    }
  ],
  "services": [
    {
      "id": "s1",
      "default_duration": 16.0
    },
    {
      "id": "s2",
      "default_duration": 16.0
    },
    {
      "id": "s3",
      "default_duration": 16.0
    },
    {
      "id": "s4",
      "default_duration": 16.0
    },
    {
      "id": "s5",
      "default_duration": 16.0
    },
    {
      "id": "s6",
      "default_duration": 16.0
    }
  ],
  "caregivers": [
    {
      "id": "c1",
      "abilities": [
        "s1"
      ]
    },
    {
      "id": "c2",
      "abilities": [
        "s1",
        "s2",
        "s3"
      ]
    },
    {
      "id": "c3",
      "abilities": [
        "s4",
        "s5",
        "s6"
      ]
    },
    {
      "id": "c4",
      "abilities": [
        "s4",
        "s5",
        "s6"
      ]
    },
    {
      "id": "c5",
      "abilities": [
        "s5",
        "s6"
      ]
    }
  ],
  "central_offices": [
    {
      "id": "d",
      "location": [
        34.0,
        39.0
      ]
    }
  ],
  "distances": [
    [
      0.0,
      30.0,
      32.558,
      15.0,
      26.926,
      51.01,
      53.6,
      47.518,
      42.953,
      59.54,
      26.42,
      52.887,
      46.174,
      23.195,
      21.633,
      4.472,
      13.416,
      60.44,
      47.434,
      35.511,
      33.242,
      9.22,
      36.674,
      8.485,
      13.454,
      51.74
    ],
    [
      30.0,
      0.0,
      22.804,
      42.953,
      49.649,
      76.903,
      68.447,
      75.273,
      66.611,
      76.792,
      5.099,
      75.107,
      68.118,
      49.336,
      36.0,
      32.249,
      26.833,
      82.006,
      55.154,
      44.643,
      47.381,
      23.77,
      65.0,
      30.0,
      16.643,
      23.259
    ],
    [
      32.558,
      22.804,
      0.0,
      38.275,
      38.013,
      64.885,
      49.0,
      65.803,
      53.226,
      58.078,
      25.495,
      59.775,
      53.141,
      41.012,
      22.804,
      31.623,
      38.471,
      65.734,
      33.734,
      25.08,
      30.083,
      23.345,
      57.315,
      38.0,
      23.345,
      28.862
    ],
    [
      15.0,
      42.953,
      38.275,
      0.0,
      14.142,
      36.014,
      42.521,
      32.757,
      28.46,
      47.011,
      40.162,
      38.626,
      32.202,
      8.544,
      18.248,
      11.18,
      27.659,
      46.239,
      40.804,
      30.265,
      25.298,
      19.235,
      22.136,
      21.84,
      26.571,
      62.626
    ],
    [
      26.926,
      49.649,
      38.013,
      14.142,
      0.0,
      27.514,
      28.425,
      27.803,
      17.029,
      33.015,
      48.094,
      26.306,
      19.416,
      7.28,
      15.264,
      22.472,
      40.311,
      33.734,
      29.069,
      20.881,
      14.142,
      27.019,
      20.248,
      34.886,
      35.014,
      65.742
    ],
    [
      51.01,
      76.903,
      64.885,
      36.014,
      27.514,
      0.0,
      32.016,
      8.944,
      12.042,
      28.018,
      74.967,
      13.0,
      14.765,
      28.071,
      42.544,
      47.011,
      63.388,
      17.464,
      44.944,
      43.186,
      36.235,
      53.6,
      17.0,
      57.428,
      61.522,
      93.107
    ],
    [
      53.6,
      68.447,
      49.0,
      42.521,
      28.425,
      32.016,
      0.0,
      39.205,
      23.022,
      9.487,
      68.68,
      19.698,
      18.028,
      35.228,
      34.015,
      49.204,
      66.851,
      21.213,
      17.464,
      24.083,
      21.541,
      50.537,
      39.623,
      62.008,
      57.775,
      77.318
    ],
    [
      47.518,
      75.273,
      65.803,
      32.757,
      27.803,
      8.944,
      39.205,
      0.0,
      16.763,
      36.346,
      72.801,
      21.378,
      21.213,
      26.0,
      43.012,
      43.932,
      59.008,
      26.401,
      50.16,
      46.4,
      39.205,
      51.546,
      11.0,
      53.009,
      59.203,
      93.15
    ],
    [
      42.953,
      66.611,
      53.226,
      28.46,
      17.029,
      12.042,
      23.022,
      16.763,
      0.0,
      22.361,
      65.123,
      10.296,
      5.385,
      19.925,
      31.321,
      38.639,
      56.045,
      17.889,
      33.541,
      31.145,
      24.207,
      44.0,
      17.088,
      50.289,
      52.0,
      81.707
    ],
    [
      59.54,
      76.792,
      58.078,
      47.011,
      33.015,
      28.018,
      9.487,
      36.346,
      22.361,
      0.0,
      76.688,
      15.033,
      17.0,
      38.949,
      41.485,
      55.073,
      72.945,
      13.416,
      26.926,
      33.015,
      29.428,
      57.585,
      39.395,
      67.742,
      65.146,
      86.579
    ],
    [
      26.42,
      5.099,
      25.495,
      40.162,
      48.094,
      74.967,
      68.68,
      72.801,
      65.123,
      76.688,
      0.0,
      74.007,
      67.007,
      47.074,
      35.355,
      29.155,
      21.954,
      81.099,
      56.356,
      45.31,
      47.297,
      21.378,
      62.298,
      25.495,
      13.601,
      28.231
    ],
    [
      52.887,
      75.107,
      59.775,
      38.626,
      26.306,
      13.0,
      19.698,
      21.378,
      10.296,
      15.033,
      74.007,
      0.0,
      7.0,
      30.083,
      39.205,
      48.508,
      66.098,
      7.616,
      34.655,
      35.777,
      29.732,
      53.235,
      25.807,
      60.407,
      61.205,
      88.6
    ],
    [
      46.174,
      68.118,
      53.141,
      32.202,
      19.416,
      14.765,
      18.028,
      21.213,
      5.385,
      17.0,
      67.007,
      7.0,
      0.0,
      23.707,
      32.249,
      41.761,
      59.464,
      14.318,
      30.232,
      29.682,
      23.259,
      46.271,
      22.472,
      53.852,
      54.231,
      81.908
    ],
    [
      23.195,
      49.336,
      41.012,
      8.544,
      7.28,
      28.071,
      35.228,
      26.0,
      19.925,
      38.949,
      47.074,
      30.083,
      23.707,
      0.0,
      18.601,
      19.026,
      36.139,
      37.696,
      36.222,
      27.295,
      21.0,
      25.71,
      16.401,
      30.364,
      33.541,
      67.417
    ],
    [
      21.633,
      36.0,
      22.804,
      18.248,
      15.264,
      42.544,
      34.015,
      43.012,
      31.321,
      41.485,
      35.355,
      39.205,
      32.249,
      18.601,
      0.0,
      17.889,
      33.941,
      46.011,
      25.807,
      13.892,
      12.53,
      16.643,
      34.655,
      30.0,
      23.77,
      50.567
    ],
    [
      4.472,
      32.249,
      31.623,
      11.18,
      22.472,
      47.011,
      49.204,
      43.932,
      38.639,
      55.073,
      29.155,
      48.508,
      41.761,
      19.026,
      17.889,
      0.0,
      17.889,
      56.045,
      43.566,
      31.765,
      29.069,
      9.22,
      33.242,
      12.806,
      15.652,
      53.038
    ],
    [
      13.416,
      26.833,
      38.471,
      27.659,
      40.311,
      63.388,
      66.851,
      59.008,
      56.045,
      72.945,
      21.954,
      66.098,
      59.464,
      36.139,
      33.941,
      17.889,
      0.0,
      73.682,
      59.548,
      47.508,
      46.098,
      18.028,
      48.01,
      6.0,
      15.133,
      50.09
    ],
    [
      60.44,
      82.006,
      65.734,
      46.239,
      33.734,
      17.464,
      21.213,
      26.401,
      17.889,
      13.416,
      81.099,
      7.616,
      14.318,
      37.696,
      46.011,
      56.045,
      73.682,
      0.0,
      38.013,
      41.11,
      35.693,
      60.531,
      32.558,
      68.007,
      68.469,
      94.594
    ],
    [
      47.434,
      55.154,
      33.734,
      40.804,
      29.069,
      44.944,
      17.464,
      50.16,
      33.541,
      26.926,
      56.356,
      34.655,
      30.232,
      36.222,
      25.807,
      43.566,
      59.548,
      38.013,
      0.0,
      12.042,
      15.524,
      41.725,
      46.872,
      55.803,
      47.634,
      61.0
    ],
    [
      35.511,
      44.643,
      25.08,
      30.265,
      20.881,
      43.186,
      24.083,
      46.4,
      31.145,
      33.015,
      45.31,
      35.777,
      29.682,
      27.295,
      13.892,
      31.765,
      47.508,
      41.11,
      12.042,
      0.0,
      7.211,
      29.698,
      40.719,
      43.829,
      35.805,
      53.759
    ],
    [
      33.242,
      47.381,
      30.083,
      25.298,
      14.142,
      36.235,
      21.541,
      39.205,
      24.207,
      29.428,
      47.297,
      29.732,
      23.259,
      21.0,
      12.53,
      29.069,
      46.098,
      35.693,
      15.524,
      7.211,
      0.0,
      29.155,
      33.615,
      41.725,
      36.249,
      58.941
    ],
    [
      9.22,
      23.77,
      23.345,
      19.235,
      27.019,
      53.6,
      50.537,
      51.546,
      44.0,
      57.585,
      21.378,
      53.235,
      46.271,
      25.71,
      16.643,
      9.22,
      18.028,
      60.531,
      41.725,
      29.698,
      29.155,
      0.0,
      41.231,
      15.524,
      8.0,
      43.863
    ],
    [
      36.674,
      65.0,
      57.315,
      22.136,
      20.248,
      17.0,
      39.623,
      11.0,
      17.088,
      39.395,
      62.298,
      25.807,
      22.472,
      16.401,
      34.655,
      33.242,
      48.01,
      32.558,
      46.872,
      40.719,
      33.615,
      41.231,
      0.0,
      42.012,
      48.703,
      83.762
    ],
    [
      8.485,
      30.0,
      38.0,
      21.84,
      34.886,
      57.428,
      62.008,
      53.009,
      50.289,
      67.742,
      25.495,
      60.407,
      53.852,
      30.364,
      30.0,
      12.806,
      6.0,
      68.007,
      55.803,
      43.829,
      41.725,
      15.524,
      42.012,
      0.0,
      15.524,
      53.0
    ],
    [
      13.454,
      16.643,
      23.345,
      26.571,
      35.014,
      61.522,
      57.775,
      59.203,
      52.0,
      65.146,
      13.601,
      61.205,
      54.231,
      33.541,
      23.77,
      15.652,
      15.133,
      68.469,
      47.634,
      35.805,
      36.249,
      8.0,
      48.703,
      15.524,
      0.0,
      38.419
    ],
    [
      51.74,
      23.259,
      28.862,
      62.626,
      65.742,
      93.107,
      77.318,
      93.15,
      81.707,
      86.579,
      28.231,
      88.6,
      81.908,
      67.417,
      50.567,
      53.038,
      50.09,
      94.594,
      61.0,
      53.759,
      58.941,
      43.863,
      83.762,
      53.0,
      38.419,
      0.0
    ]
  ]
}
