{
  "patients": [
    {
      "id": "p1",
      "location": [
        3.0,
        49.0
      ],
      "time_window": [
        182.0,
        302.0
      ],
      "required_caregivers": [
        {
          "service": "s3",
          "duration": 17.0
        }
      ]
    },
    {
      "id": "p2",
      "location": [
        67.0,
        3.0
      ],
      "time_window": [
        412.0,
        532.0
      ],
      "required_caregivers": [
        {
          "service": "s5",
          "duration": 17.0
        }
      ]
    },
    {
      "id": "p3",
      "location": [
        11.0,
        30.0
      ],
      "time_window": [
        423.0,
        543.0
      ],
      "required_caregivers": [
        {
          "service": "s4",
          "duration": 17.0
        }
      ]
    },
    {
      "id": "p4",
      "location": [
        62.0,
        23.0
      ],
      "time_window": [
        358.0,
        478.0
      ],
      "required_caregivers": [
        {
          "service": "s5",
          "duration": 17.0
        }
      ]
    },
    {
      "id": "p5",
      "location": [
        92.0,
        32.0
      ],
      "time_window": [
        327.0,
        447.0
      ],
      "required_caregivers": [
        {
          "service": "s4",
          "duration": 17.0
        }
      ]
    },
    {
      "id": "p6",
      "location": [
        52.0,
        8.0
      ],
      "time_window": [
        105.0,
        225.0
      ],
      "required_caregivers": [
        {
          "service": "s4",
          "duration": 17.0
        }
      ]
    },
    {
      "id": "p7",
      "location": [
        62.0,
        9.0
      ],
      "time_window": [
        151.0,
        271.0
      ],
      "required_caregivers": [
        {
          "service": "s2",
          "duration": 17.0
        }
      ]
    },
    {
      "id": "p8",
      "location": [
        69.0,
        36.0
      ],
      "time_window": [
        406.0,
        526.0
      ],
      "required_caregivers": [
        {
          "service": "s5",
          "duration": 17.0
        }
      ]
    },
    {
      "id": "p9",
      "location": [
        62.0,
        44.0
      ],
      "time_window": [
        462.0,
        582.0
      ],
      "required_caregivers": [
        {
          "service": "s1",
          "duration": 17.0
        }
      ]
    },
    {
      "id": "p10",
      "location": [
        75.0,
        36.0
      ],
      "time_window": [
        427.0,
        547.0
      ],
      "required_caregivers": [
        {
          "service": "s2",
          "duration": 17.0
        }
      ]
    },
    {
      "id": "p11",
      "location": [
        22.0,
        38.0
      ],
      "time_window": [
        452.0,
        572.0
      ],
      "required_caregivers": [
        {
          "service": "s3",
          "duration": 17.0
        }
      ]
    },
    {
      "id": "p12",
      "location": [
        39.0,
        26.0
      ],
      "time_window": [
        308.0,
        428.0
      ],
      "required_caregivers": [
        {
          "service": "s3",
          "duration": 17.0
        }
      ]
    },
    {
      "id": "p13",
      "location": [
        33.0,
        2.0
      ],
      "time_window": [
        32.0,
        152.0
      ],
      "required_caregivers": [
        {
          "service": "s3",
          "duration": 17.0
        }
      ]
    },
    {
      "id": "p14",
      "location": [
        69.0,
        9.0
      ],
      "time_window": [
        200.0,
        320.0
      ],
      "required_caregivers": [
        {
          "service": "s3",
          "duration": 17.0
        }
      ]
    },
    {
      "id": "p15",
      "location": [
        82.0,
        35.0
      ],
      "time_window": [
        2.0,
        122.0
      ],
      "required_caregivers": [
        {
          "service": "s3",
          "duration": 17.0
        }
      ]
    },
    {
      "id": "p16",
      "location": [
        94.0,
        27.0
      ],
      "time_window": [
        132.0,
        252.0
      ],
      "required_caregivers": [
        {
          "service": "s1",
          "duration": 17.0
        }
      ]
    },
    {
      "id": "p17",
      "location": [
        45.0,
        1.0
      ],
      "time_window": [
        469.0,
        589.0
      ],
      "required_caregivers": [
        {
          "service": "s2",
          "duration": 17.0
        }
      ]
    },
    {
      "id": "p18",
      "location": [
        82.0,
        36.0
      ],
      "time_window": [
        396.0,
        516.0
      ],
      "required_caregivers": [
        {
          "service": "s4",
          "duration": 17.0
        },
        {
          "service": "s5",
          "duration": 17.0
        }
      ],
      "synchronization": {
        "type": "simultaneous"
      }
    },
    {
      "id": "p19",
      "location": [
        84.0,
        9.0
      ],
      "time_window": [
        262.0,
        382.0
      ],
      "required_caregivers": [
        {
          "service": "s4",
          "duration": 17.0
        },
        {
          "service": "s6",
          "duration": 17.0
        }
      ],
      "synchronization": {
        "type": "simultaneous"
      }
    },
    {
      "id": "p20",
      "location": [
        28.0,
        27.0
      ],
      "time_window": [
        108.0,
        228.0
      ],
      "required_caregivers": [
        {
          "service": "s5",
          "duration": 17.0
        },
        {
          "service": "s6",
          "duration": 17.0
        }
      ],
      "synchronization": {
        "type": "simultaneous"
      }
    },
    {
      "id": "p21",
      "location": [
        95.0,
        44.0
      ],
      "time_window": [
        395.0,
        515.0
      ],
      "required_caregivers": [
        {
          "service": "s4",
          "duration": 17.0
        },
        {
          "service": "s6",
          "duration": 17.0
        }
      ],
      "synchronization": {
        "type": "simultaneous"
      }
    },
    {
      "id": "p22",
      "location": [
        61.0,
        47.0
      ],
      "time_window": [
        329.0,
        449.0
      ],
      "required_caregivers": [
        {
          "service": "s3",
          "duration": 17.0
        },
        {
          "service": "s5",
          "duration": 17.0
        }
      ],
      "synchronization": {
        "type": "sequential",
        "distance": [
          51,
          102
        ]
      }
    },
    {
      "id": "p23",
      "location": [
        6.0,
        25.0
      ],
      "time_window": [
        22.0,
        142.0
      ],
      "required_caregivers": [
        {
          "service": "s1",
          "duration": 17.0
        },
        {
          "service": "s4",
          "duration": 17.0
        }
      ],
      "synchronization": {
        "type": "sequential",
        "distance": [
          21,
          42
        ]
      }
    },
    {
      "id": "p24",
      "location": [
        64.0,
        9.0
      ],
      "time_window": [
        283.0,
        403.0
      ],
      "required_caregivers": [
        {
          "service": "s3",
          "duration": 17.0
        },
        {
          "service": "s4",
          "duration": 17.0
        }
      ],
      "synchronization": {
        "type": "sequential",
        "distance": [
          37,
          74
        ]
      }
    },
    {
      "id": "p25",
      "location": [
        0.0,
        0.0
      ],
      "time_window": [
        259.0,
        379.0
      ],
      "required_caregivers": [
        {
          "service": "s2",
          "duration": 17.0
        },
        {
          "service": "s5",
          "duration": 17.0
        }
      ],
      "synchronization": {
        "type": "sequential",
        "distance": [
          21,
          42
        ]
      }
    }
  ],
  "services": [
    {
      "id": "s1",
      "default_duration": 17.0
    },
    {
      "id": "s2",
      "default_duration": 17.0
    },
    {
      "id": "s3",
      "default_duration": 17.0
    },
    {
      "id": "s4",
      "default_duration": 17.0
    },
    {
      "id": "s5",
      "default_duration": 17.0
    },
    {
      "id": "s6",
      "default_duration": 17.0
    }
  ],
  "caregivers": [
    {
      "id": "c1",
      "abilities": [
        "s1",
        "s2",
        "s3"
      ]
    },
    {
      "id": "c2",
      "abilities": [
        "s1",
        "s2"
      ]
    },
    {
      "id": "c3",
      "abilities": [
        "s4",
        "s6"
      ]
    },
    {
      "id": "c4",
      "abilities": [
        "s5",
        "s6"
      ]
    },
    {
      "id": "c5",
      "abilities": [
        "s4",
        "s5",
        "s6"
      ]
    }
  ],
  "central_offices": [
    {
      "id": "d",
      "location": [
        62.0,
        44.0
      ]
    }
  ],
  "distances": [
    [
      0.0,
      59.211,
      41.304,
      52.887,
      21.0,
      32.311,
      37.363,
      35.0,
      10.63,
      0.0,
      15.264,
      40.448,
      29.206,
      51.039,
      35.693,
      21.932,
      36.235,
      46.239,
      21.541,
      41.34,
      38.013,
      33.0,
      3.162,
      59.135,
      35.057,
      76.026
    ],
    [
      59.211,
      0.0,
      78.816,
      20.616,
      64.475,
      90.609,
      63.891,
      71.281,
      67.268,
      59.211,
      73.164,
      21.954,
      42.72,
      55.758,
      77.175,
      80.231,
      93.622,
      63.781,
      80.062,
      90.338,
      33.302,
      92.136,
      58.034,
      24.187,
      72.945,
      49.092
    ],
    [
      41.304,
      78.816,
      0.0,
      62.169,
      20.616,
      38.288,
      15.811,
      7.81,
      33.061,
      41.304,
      33.956,
      57.009,
      36.235,
      34.015,
      6.325,
      35.341,
      36.125,
      22.091,
      36.249,
      18.028,
      45.793,
      49.649,
      44.407,
      64.846,
      6.708,
      67.067
    ],
    [
      52.887,
      20.616,
      62.169,
      0.0,
      51.478,
      81.025,
      46.53,
      55.154,
      58.31,
      52.887,
      64.281,
      13.601,
      28.284,
      35.609,
      61.685,
      71.176,
      83.054,
      44.688,
      71.253,
      75.961,
      17.263,
      85.159,
      52.811,
      7.071,
      57.009,
      31.953
    ],
    [
      21.0,
      64.475,
      20.616,
      51.478,
      0.0,
      31.321,
      18.028,
      14.0,
      14.765,
      21.0,
      18.385,
      42.72,
      23.195,
      35.805,
      15.652,
      23.324,
      32.249,
      27.803,
      23.854,
      26.077,
      34.234,
      39.115,
      24.021,
      56.036,
      14.142,
      66.129
    ],
    [
      32.311,
      90.609,
      38.288,
      81.025,
      31.321,
      0.0,
      46.648,
      37.802,
      23.345,
      32.311,
      17.464,
      70.257,
      53.339,
      66.189,
      32.527,
      10.44,
      5.385,
      56.303,
      10.77,
      24.352,
      64.195,
      12.369,
      34.438,
      86.284,
      36.235,
      97.406
    ],
    [
      37.363,
      63.891,
      15.811,
      46.53,
      18.028,
      46.648,
      0.0,
      10.05,
      32.757,
      37.363,
      36.235,
      42.426,
      22.204,
      19.925,
      17.029,
      40.361,
      46.098,
      9.899,
      41.037,
      32.016,
      30.61,
      56.08,
      40.025,
      49.041,
      12.042,
      52.612
    ],
    [
      35.0,
      71.281,
      7.81,
      55.154,
      14.0,
      37.802,
      10.05,
      0.0,
      27.893,
      35.0,
      29.967,
      49.406,
      28.601,
      29.833,
      7.0,
      32.802,
      36.715,
      18.788,
      33.601,
      22.0,
      38.471,
      48.104,
      38.013,
      58.241,
      2.0,
      62.65
    ],
    [
      10.63,
      67.268,
      33.061,
      58.31,
      14.765,
      23.345,
      32.757,
      27.893,
      0.0,
      10.63,
      6.0,
      47.043,
      31.623,
      49.518,
      27.0,
      13.038,
      26.571,
      42.438,
      13.0,
      30.887,
      41.976,
      27.203,
      13.601,
      63.953,
      27.459,
      77.827
    ],
    [
      0.0,
      59.211,
      41.304,
      52.887,
      21.0,
      32.311,
      37.363,
      35.0,
      10.63,
      0.0,
      15.264,
      40.448,
      29.206,
      51.039,
      35.693,
      21.932,
      36.235,
      46.239,
      21.541,
      41.34,
      38.013,
      33.0,
      3.162,
      59.135,
      35.057,
      76.026
    ],
    [
      15.264,
      73.164,
      33.956,
      64.281,
      18.385,
      17.464,
      36.235,
      29.967,
      6.0,
      15.264,
      0.0,
      53.038,
      37.363,
      54.037,
      27.659,
      7.071,
      21.024,
      46.098,
      7.0,
      28.46,
      47.854,
      21.541,
      17.804,
      69.871,
      29.155,
      83.193
    ],
    [
      40.448,
      21.954,
      57.009,
      13.601,
      42.72,
      70.257,
      42.426,
      49.406,
      47.043,
      40.448,
      53.038,
      0.0,
      20.809,
      37.643,
      55.227,
      60.075,
      72.835,
      43.566,
      60.033,
      68.447,
      12.53,
      73.246,
      40.025,
      20.616,
      51.039,
      43.909
    ],
    [
      29.206,
      42.72,
      36.235,
      28.284,
      23.195,
      53.339,
      22.204,
      28.601,
      31.623,
      29.206,
      37.363,
      20.809,
      0.0,
      24.739,
      34.482,
      43.932,
      55.009,
      25.71,
      44.147,
      48.104,
      11.045,
      58.822,
      30.414,
      33.015,
      30.232,
      46.872
    ],
    [
      51.039,
      55.758,
      34.015,
      35.609,
      35.805,
      66.189,
      19.925,
      29.833,
      49.518,
      51.039,
      54.037,
      37.643,
      24.739,
      0.0,
      36.674,
      59.076,
      65.924,
      12.042,
      59.641,
      51.478,
      25.495,
      74.887,
      53.0,
      35.468,
      31.78,
      33.061
    ],
    [
      35.693,
      77.175,
      6.325,
      61.685,
      15.652,
      32.527,
      17.029,
      7.0,
      27.0,
      35.693,
      27.659,
      55.227,
      34.482,
      36.674,
      0.0,
      29.069,
      30.806,
      25.298,
      29.967,
      15.0,
      44.777,
      43.6,
      38.833,
      65.0,
      5.0,
      69.584
    ],
    [
      21.932,
      80.231,
      35.341,
      71.176,
      23.324,
      10.44,
      40.361,
      32.802,
      13.038,
      21.932,
      7.071,
      60.075,
      43.932,
      59.076,
      29.069,
      0.0,
      14.422,
      50.249,
      1.0,
      26.077,
      54.589,
      15.811,
      24.187,
      76.655,
      31.623,
      89.157
    ],
    [
      36.235,
      93.622,
      36.125,
      83.054,
      32.249,
      5.385,
      46.098,
      36.715,
      26.571,
      36.235,
      21.024,
      72.835,
      55.009,
      65.924,
      30.806,
      14.422,
      0.0,
      55.471,
      15.0,
      20.591,
      66.0,
      17.029,
      38.588,
      88.023,
      34.986,
      97.801
    ],
    [
      46.239,
      63.781,
      22.091,
      44.688,
      27.803,
      56.303,
      9.899,
      18.788,
      42.438,
      46.239,
      46.098,
      43.566,
      25.71,
      12.042,
      25.298,
      50.249,
      55.471,
      0.0,
      50.931,
      39.812,
      31.064,
      65.947,
      48.703,
      45.793,
      20.616,
      45.011
    ],
    [
      21.541,
      80.062,
      36.249,
      71.253,
      23.854,
      10.77,
      41.037,
      33.601,
      13.0,
      21.541,
      7.0,
      60.033,
      44.147,
      59.641,
      29.967,
      1.0,
      15.0,
      50.931,
      0.0,
      27.074,
      54.745,
      15.264,
      23.707,
      76.792,
      32.45,
      89.554
    ],
    [
      41.34,
      90.338,
      18.028,
      75.961,
      26.077,
      24.352,
      32.016,
      22.0,
      30.887,
      41.34,
      28.46,
      68.447,
      48.104,
      51.478,
      15.0,
      26.077,
      20.591,
      39.812,
      27.074,
      0.0,
      58.822,
      36.688,
      44.418,
      79.624,
      20.0,
      84.481
    ],
    [
      38.013,
      33.302,
      45.793,
      17.263,
      34.234,
      64.195,
      30.61,
      38.471,
      41.976,
      38.013,
      47.854,
      12.53,
      11.045,
      25.495,
      44.777,
      54.589,
      66.0,
      31.064,
      54.745,
      58.822,
      0.0,
      69.123,
      38.588,
      22.091,
      40.249,
      38.897
    ],
    [
      33.0,
      92.136,
      49.649,
      85.159,
      39.115,
      12.369,
      56.08,
      48.104,
      27.203,
      33.0,
      21.541,
      73.246,
      58.822,
      74.887,
      43.6,
      15.811,
      17.029,
      65.947,
      15.264,
      36.688,
      69.123,
      0.0,
      34.132,
      91.005,
      46.755,
      104.695
    ],
    [
      3.162,
      58.034,
      44.407,
      52.811,
      24.021,
      34.438,
      40.025,
      38.013,
      13.601,
      3.162,
      17.804,
      40.025,
      30.414,
      53.0,
      38.833,
      24.187,
      38.588,
      48.703,
      23.707,
      44.418,
      38.588,
      34.132,
      0.0,
      59.237,
      38.118,
      77.006
    ],
    [
      59.135,
      24.187,
      64.846,
      7.071,
      56.036,
      86.284,
      49.041,
      58.241,
      63.953,
      59.135,
      69.871,
      20.616,
      33.015,
      35.468,
      65.0,
      76.655,
      88.023,
      45.793,
      76.792,
      79.624,
      22.091,
      91.005,
      59.237,
      0.0,
      60.166,
      25.71
    ],
    [
      35.057,
      72.945,
      6.708,
      57.009,
      14.142,
      36.235,
      12.042,
      2.0,
      27.459,
      35.057,
      29.155,
      51.039,
      30.232,
      31.78,
      5.0,
      31.623,
      34.986,
      20.616,
      32.45,
      20.0,
      40.249,
      46.755,
      38.118,
      60.166,
      0.0,
      64.63
    ],
    [
      76.026,
      49.092,
      67.067,
      31.953,
      66.129,
      97.406,
      52.612,
      62.65,
      77.827,
      76.026,
      83.193,
      43.909,
      46.872,
      33.061,
      69.584,
      89.157,
      97.801,
      45.011,
      89.554,
      84.481,
      38.897,
      104.695,
      77.006,
      25.71,
      64.63,
      0.0
    ]
  ]
}
