{
  "patients": [
    {
      "id": "p1",
      "location": [
        74.0,
        5.0
      ],
      "time_window": [
        287.0,
        407.0
      ],
      "required_caregivers": [
        {
          "service": "s6",
          "duration": 10.0
        }
      ]
    },
    {
      "id": "p2",
      "location": [
        6.0,
        12.0
      ],
      "time_window": [
        172.0,
        292.0
      ],
      "required_caregivers": [
        {
          "service": "s5",
          "duration": 10.0
        }
      ]
    },
    {
      "id": "p3",
      "location": [
        54.0,
        37.0
      ],
      "time_window": [
        194.0,
        314.0
      ],
      "required_caregivers": [
        {
          "service": "s3",
          "duration": 10.0
        }
      ]
    },
    {
      "id": "p4",
      "location": [
        22.0,
        3.0
      ],
      "time_window": [
        464.0,
        584.0
      ],
      "required_caregivers": [
        {
          "service": "s3",
          "duration": 10.0
        }
      ]
    },
    {
      "id": "p5",
      "location": [
        31.0,
        12.0
      ],
      "time_window": [
        426.0,
        546.0
      ],
      "required_caregivers": [
        {
          "service": "s1",
          "duration": 10.0
        }
      ]
    },
    {
      "id": "p6",
      "location": [
        47.0,
        9.0
      ],
      "time_window": [
        5.0,
        125.0
      ],
      "required_caregivers": [
        {
          "service": "s6",
          "duration": 10.0
        }
      ]
    },
    {
      "id": "p7",
      "location": [
        28.0,
        0.0
      ],
      "time_window": [
        334.0,
        454.0
      ],
      "required_caregivers": [
        {
          "service": "s5",
          "duration": 10.0
        }
      ]
    },
    {
      "id": "p8",
      "location": [
        78.0,
        47.0
      ],
      "time_window": [
        131.0,
        251.0
      ],
      "required_caregivers": [
        {
          "service": "s6",
          "duration": 10.0
        }
      ]
    },
    {
      "id": "p9",
      "location": [
        17.0,
        31.0
      ],
      "time_window": [
        122.0,
        242.0
      ],
      "required_caregivers": [
        {
          "service": "s3",
          "duration": 10.0
        }
      ]
    },
    {
      "id": "p10",
      "location": [
        8.0,
        49.0
      ],
      "time_window": [
        201.0,
        321.0
      ],
      "required_caregivers": [
        {
          "service": "s4",
          "duration": 10.0
        }
      ]
    },
    {
      "id": "p11",
      "location": [
        8.0,
        1.0
      ],
      "time_window": [
        71.0,
        191.0
      ],
      "required_caregivers": [
        {
          "service": "s6",
          "duration": 10.0
        }
      ]
    },
    {
      "id": "p12",
      "location": [
        61.0,
        7.0
      ],
      "time_window": [
        183.0,
        303.0
      ],
      "required_caregivers": [
        {
          "service": "s4",
          "duration": 10.0
        }
      ]
    },
    {
      "id": "p13",
      "location": [
        80.0,
        26.0
      ],
      "time_window": [
        427.0,
        547.0
      ],
      "required_caregivers": [
        {
          "service": "s2",
          "duration": 10.0
        }
      ]
    },
    {
      "id": "p14",
      "location": [
        15.0,
        48.0
      ],
      "time_window": [
        0.0,
        120.0
      ],
      "required_caregivers": [
        {
          "service": "s1",
          "duration": 10.0
        }
      ]
    },
    {
      "id": "p15",
      "location": [
        89.0,
        15.0
      ],
      "time_window": [
        68.0,
        188.0
      ],
      "required_caregivers": [
        {
          "service": "s3",
          "duration": 10.0
        }
      ]
    },
    {
      "id": "p16",
      "location": [
        57.0,
        33.0
      ],
      "time_window": [
        10.0,
        130.0
      ],
      "required_caregivers": [
        {
          "service": "s5",
          "duration": 10.0
        }
      ]
    },
    {
      "id": "p17",
      "location": [
        7.0,
        47.0
      ],
      "time_window": [
        138.0,
        258.0
      ],
      "required_caregivers": [
        {
          "service": "s1",
          "duration": 10.0
        }
      ]
    },
    {
      "id": "p18",
      "location": [
        46.0,
        44.0
      ],
      "time_window": [
        295.0,
        415.0
      ],
      "required_caregivers": [
        {
          "service": "s5",
          "duration": 10.0
        },
        {
          "service": "s6",
          "duration": 10.0
        }
      ],
      "synchronization": {
        "type": "simultaneous"
      }
    },
    {
      "id": "p19",
      "location": [
        69.0,
        18.0
      ],
      "time_window": [
        257.0,
        377.0
      ],
      "required_caregivers": [
        {
          "service": "s4",
          "duration": 10.0
        },
        {
          "service": "s6",
          "duration": 10.0
        }
      ],
      "synchronization": {
        "type": "simultaneous"
      }
    },
    {
      "id": "p20",
      "location": [
        84.0,
        49.0
      ],
      "time_window": [
        177.0,
        297.0
      ],
      "required_caregivers": [
        {
          "service": "s5",
          "duration": 10.0
        },
        {
          "service": "s6",
          "duration": 10.0
        }
      ],
      "synchronization": {
        "type": "simultaneous"
      }
    },
    {
      "id": "p21",
      "location": [
        70.0,
        36.0
      ],
      "time_window": [
        228.0,
        348.0
      ],
      "required_caregivers": [
        {
          "service": "s5",
          "duration": 10.0
        },
        {
          "service": "s6",
          "duration": 10.0
        }
      ],
      "synchronization": {
        "type": "simultaneous"
      }
    },
    {
      "id": "p22",
      "location": [
        41.0,
        8.0
      ],
      "time_window": [
        125.0,
        245.0
      ],
      "required_caregivers": [
        {
          "service": "s1",
          "duration": 10.0
        },
        {
          "service": "s4",
          "duration": 10.0
        }
      ],
      "synchronization": {
        "type": "sequential",
        "distance": [
          45,
          90
        ]
      }
    },
    {
      "id": "p23",
      "location": [
        52.0,
        30.0
      ],
      "time_window": [
        168.0,
        288.0
      ],
      "required_caregivers": [
        {
          "service": "s3",
          "duration": 10.0
        },
        {
          "service": "s5",
          "duration": 10.0
        }
      ],
      "synchronization": {
        "type": "sequential",
        "distance": [
          11,
          22
        ]
      }
    },
    {
      "id": "p24",
      "location": [
        53.0,
        5.0
      ],
      "time_window": [
        476.0,
        596.0
      ],
      "required_caregivers": [
        {
          "service": "s3",
          "duration": 10.0
        },
        {
          "service": "s5",
          "duration": 10.0
        }
      ],
      "synchronization": {
        "type": "sequential",
        "distance": [
          45,
          90
        ]
      }
    },
    {
      "id": "p25",
      "location": [
        0.0,
        0.0
      ],
      "time_window": [
        361.0,
        481.0
      ],
      "required_caregivers": [
        {
          "service": "s2",
          "duration": 10.0
        },
        {
          "service": "s5",
          "duration": 10.0
        }
      ],
      "synchronization": {
        "type": "sequential",
        "distance": [
          5,
          10
        ]
      }
    }
  ],
  "services": [
    {
      "id": "s1",
      "default_duration": 10.0
    },
    {
      "id": "s2",
      "default_duration": 10.0
    },
    {
      "id": "s3",
      "default_duration": 10.0
    },
    {
      "id": "s4",
      "default_duration": 10.0
    },
    {
      "id": "s5",
      "default_duration": 10.0
    },
    {
      "id": "s6",
      "default_duration": 10.0
    }
  ],
  "caregivers": [
    {
      "id": "c1",
      "abilities": [
        "s1"
      ]
    },
    {
      "id": "c2",
      "abilities": [
        "s2",
        "s3"
      ]
    },
    {
      "id": "c3",
      "abilities": [
        "s6"
      ]
    },
    {
      "id": "c4",
      "abilities": [
        "s4",
        "s5",
        "s6"
      ]
    },
    {
      "id": "c5",
      "abilities": [
        "s4",
        "s5",
        "s6"
      ]
    }
  ],
  "central_offices": [
    {
      "id": "d",
      "location": [
        87.0,
        25.0
      ]
    }
  ],
  "distances": [
    [
      0.0,
      23.854,
      82.037,
      35.114,
      68.622,
      57.489,
      43.081,
      64.078,
      23.77,
      70.257,
      82.565,
      82.565,
      31.623,
      7.071,
      75.584,
      10.198,
      31.048,
      82.97,
      45.188,
      19.313,
      24.187,
      20.248,
      49.041,
      35.355,
      39.446,
      90.521
    ],
    [
      23.854,
      0.0,
      68.359,
      37.736,
      52.038,
      43.566,
      27.295,
      46.271,
      42.19,
      62.65,
      79.322,
      66.121,
      13.153,
      21.84,
      73.007,
      18.028,
      32.757,
      79.076,
      48.01,
      13.928,
      45.122,
      31.257,
      33.136,
      33.302,
      21.0,
      74.169
    ],
    [
      82.037,
      68.359,
      0.0,
      54.12,
      18.358,
      25.0,
      41.11,
      25.06,
      80.056,
      21.954,
      37.054,
      11.18,
      55.227,
      75.313,
      37.108,
      83.054,
      55.154,
      35.014,
      51.225,
      63.285,
      86.331,
      68.352,
      35.228,
      49.396,
      47.518,
      13.416
    ],
    [
      35.114,
      37.736,
      54.12,
      0.0,
      46.69,
      33.971,
      28.862,
      45.222,
      26.0,
      37.483,
      47.539,
      58.412,
      30.806,
      28.231,
      40.522,
      41.34,
      5.0,
      48.052,
      10.63,
      24.207,
      32.311,
      16.031,
      31.78,
      7.28,
      32.016,
      65.46
    ],
    [
      68.622,
      52.038,
      18.358,
      46.69,
      0.0,
      12.728,
      25.71,
      6.708,
      71.218,
      28.443,
      48.083,
      14.142,
      39.205,
      62.394,
      45.541,
      68.066,
      46.098,
      46.487,
      47.508,
      49.336,
      77.201,
      58.249,
      19.647,
      40.361,
      31.064,
      22.204
    ],
    [
      57.489,
      43.566,
      25.0,
      33.971,
      12.728,
      0.0,
      16.279,
      12.369,
      58.6,
      23.601,
      43.566,
      25.495,
      30.414,
      50.961,
      39.395,
      58.078,
      33.422,
      42.438,
      35.341,
      38.471,
      64.637,
      45.793,
      10.77,
      27.659,
      23.087,
      33.242
    ],
    [
      43.081,
      27.295,
      41.11,
      28.862,
      25.71,
      16.279,
      0.0,
      21.024,
      49.041,
      37.202,
      55.866,
      39.812,
      14.142,
      37.121,
      50.448,
      42.426,
      26.0,
      55.172,
      35.014,
      23.77,
      54.489,
      35.468,
      6.083,
      21.587,
      7.211,
      47.854
    ],
    [
      64.078,
      46.271,
      25.06,
      45.222,
      6.708,
      12.369,
      21.024,
      0.0,
      68.622,
      32.894,
      52.924,
      20.025,
      33.734,
      58.138,
      49.729,
      62.817,
      43.932,
      51.478,
      47.539,
      44.777,
      74.411,
      55.317,
      15.264,
      38.419,
      25.495,
      28.0
    ],
    [
      23.77,
      42.19,
      80.056,
      26.0,
      71.218,
      58.6,
      49.041,
      68.622,
      0.0,
      63.063,
      70.029,
      83.762,
      43.463,
      21.095,
      63.008,
      33.838,
      25.239,
      71.0,
      32.14,
      30.364,
      6.325,
      13.601,
      53.759,
      31.064,
      48.877,
      91.066
    ],
    [
      70.257,
      62.65,
      21.954,
      37.483,
      28.443,
      23.601,
      37.202,
      32.894,
      63.063,
      0.0,
      20.125,
      31.321,
      50.12,
      63.198,
      17.117,
      73.756,
      40.05,
      18.868,
      31.78,
      53.6,
      69.376,
      53.235,
      33.242,
      35.014,
      44.407,
      35.355
    ],
    [
      82.565,
      79.322,
      37.054,
      47.539,
      48.083,
      43.566,
      55.866,
      52.924,
      70.029,
      20.125,
      0.0,
      48.0,
      67.624,
      75.584,
      7.071,
      87.846,
      51.546,
      2.236,
      38.328,
      68.425,
      76.0,
      63.348,
      52.631,
      47.927,
      62.936,
      49.649
    ],
    [
      82.565,
      66.121,
      11.18,
      58.412,
      14.142,
      25.495,
      39.812,
      20.025,
      83.762,
      31.321,
      48.0,
      0.0,
      53.339,
      76.217,
      47.518,
      82.201,
      58.524,
      46.011,
      57.385,
      63.325,
      89.889,
      71.197,
      33.734,
      52.697,
      45.177,
      8.062
    ],
    [
      31.623,
      13.153,
      55.227,
      30.806,
      39.205,
      30.414,
      14.142,
      33.734,
      43.463,
      50.12,
      67.624,
      53.339,
      0.0,
      26.87,
      61.62,
      29.12,
      26.306,
      67.201,
      39.925,
      13.601,
      47.885,
      30.364,
      20.025,
      24.698,
      8.246,
      61.4
    ],
    [
      7.071,
      21.84,
      75.313,
      28.231,
      62.394,
      50.961,
      37.121,
      58.138,
      21.095,
      63.198,
      75.584,
      76.217,
      26.87,
      0.0,
      68.622,
      14.213,
      24.042,
      75.961,
      38.471,
      13.601,
      23.345,
      14.142,
      42.953,
      28.284,
      34.205,
      84.119
    ],
    [
      75.584,
      73.007,
      37.108,
      40.522,
      45.541,
      39.395,
      50.448,
      49.729,
      63.008,
      17.117,
      7.071,
      47.518,
      61.62,
      68.622,
      0.0,
      81.025,
      44.598,
      8.062,
      31.257,
      61.774,
      69.007,
      56.294,
      47.707,
      41.146,
      57.385,
      50.289
    ],
    [
      10.198,
      18.028,
      83.054,
      41.34,
      68.066,
      58.078,
      42.426,
      62.817,
      33.838,
      73.756,
      87.846,
      82.201,
      29.12,
      14.213,
      81.025,
      0.0,
      36.715,
      88.023,
      51.865,
      20.224,
      34.366,
      28.32,
      48.508,
      39.925,
      37.363,
      90.255
    ],
    [
      31.048,
      32.757,
      55.154,
      5.0,
      46.098,
      33.422,
      26.0,
      43.932,
      25.239,
      40.05,
      51.546,
      58.524,
      26.306,
      24.042,
      44.598,
      36.715,
      0.0,
      51.923,
      15.556,
      19.209,
      31.385,
      13.342,
      29.682,
      5.831,
      28.284,
      65.863
    ],
    [
      82.97,
      79.076,
      35.014,
      48.052,
      46.487,
      42.438,
      55.172,
      51.478,
      71.0,
      18.868,
      2.236,
      46.011,
      67.201,
      75.961,
      8.062,
      88.023,
      51.923,
      0.0,
      39.115,
      68.447,
      77.026,
      63.953,
      51.74,
      48.104,
      62.29,
      47.518
    ],
    [
      45.188,
      48.01,
      51.225,
      10.63,
      47.508,
      35.341,
      35.014,
      47.539,
      32.14,
      31.78,
      38.328,
      57.385,
      39.925,
      38.471,
      31.257,
      51.865,
      15.556,
      39.115,
      0.0,
      34.713,
      38.328,
      25.298,
      36.346,
      15.232,
      39.623,
      63.655
    ],
    [
      19.313,
      13.928,
      63.285,
      24.207,
      49.336,
      38.471,
      23.77,
      44.777,
      30.364,
      53.6,
      68.425,
      63.325,
      13.601,
      13.601,
      61.774,
      20.224,
      19.209,
      68.447,
      34.713,
      0.0,
      34.438,
      18.028,
      29.732,
      20.809,
      20.616,
      71.309
    ],
    [
      24.187,
      45.122,
      86.331,
      32.311,
      77.201,
      64.637,
      54.489,
      74.411,
      6.325,
      69.376,
      76.0,
      89.889,
      47.885,
      23.345,
      69.007,
      34.366,
      31.385,
      77.026,
      38.328,
      34.438,
      0.0,
      19.105,
      59.414,
      37.216,
      53.824,
      97.247
    ],
    [
      20.248,
      31.257,
      68.352,
      16.031,
      58.249,
      45.793,
      35.468,
      55.317,
      13.601,
      53.235,
      63.348,
      71.197,
      30.364,
      14.142,
      56.294,
      28.32,
      13.342,
      63.953,
      25.298,
      18.028,
      19.105,
      0.0,
      40.311,
      18.974,
      35.355,
      78.715
    ],
    [
      49.041,
      33.136,
      35.228,
      31.78,
      19.647,
      10.77,
      6.083,
      15.264,
      53.759,
      33.242,
      52.631,
      33.734,
      20.025,
      42.953,
      47.707,
      48.508,
      29.682,
      51.74,
      36.346,
      29.732,
      59.414,
      40.311,
      0.0,
      24.597,
      12.369,
      41.773
    ],
    [
      35.355,
      33.302,
      49.396,
      7.28,
      40.361,
      27.659,
      21.587,
      38.419,
      31.064,
      35.014,
      47.927,
      52.697,
      24.698,
      28.284,
      41.146,
      39.925,
      5.831,
      48.104,
      15.232,
      20.809,
      37.216,
      18.974,
      24.597,
      0.0,
      25.02,
      60.033
    ],
    [
      39.446,
      21.0,
      47.518,
      32.016,
      31.064,
      23.087,
      7.211,
      25.495,
      48.877,
      44.407,
      62.936,
      45.177,
      8.246,
      34.205,
      57.385,
      37.363,
      28.284,
      62.29,
      39.623,
      20.616,
      53.824,
      35.355,
      12.369,
      25.02,
      0.0,
      53.235
    ],
    [
      90.521,
      74.169,
      13.416,
      65.46,
      22.204,
      33.242,
      47.854,
      28.0,
      91.066,
      35.355,
      49.649,
      8.062,
      61.4,
      84.119,
      50.289,
      90.255,
      65.863,
      47.518,
      63.655,
      71.309,
      97.247,
      78.715,
      41.773,
      60.033,
      53.235,
      0.0
    ]
  ]
}
