{
  "patients": [
    {
      "id": "p1",
      "location": [
        85.0,
        45.0
      ],
      "time_window": [
        76.0,
        196.0
      ],
      "required_caregivers": [
        {
          "service": "s5",
          "duration": 12.0
        }
      ]
    },
    {
      "id": "p2",
      "location": [
        80.0,
        44.0
      ],
      "time_window": [
        44.0,
        164.0
      ],
      "required_caregivers": [
        {
          "service": "s3",
          "duration": 12.0
        }
      ]
    },
    {
      "id": "p3",
      "location": [
        68.0,
        20.0
      ],
      "time_window": [
        45.0,
        165.0
      ],
      "required_caregivers": [
        {
          "service": "s4",
          "duration": 12.0
        }
      ]
    },
    {
      "id": "p4",
      "location": [
        50.0,
        44.0
      ],
      "time_window": [
        124.0,
        244.0
      ],
      "required_caregivers": [
        {
          "service": "s5",
          "duration": 12.0
        }
      ]
    },
    {
      "id": "p5",
      "location": [
        0.0,
        2.0
      ],
      "time_window": [
        100.0,
        220.0
      ],
      "required_caregivers": [
        {
          "service": "s5",
          "duration": 12.0
        }
      ]
    },
    {
      "id": "p6",
      "location": [
        8.0,
        8.0
      ],
      "time_window": [
        334.0,
        454.0
      ],
      "required_caregivers": [
        {
          "service": "s5",
          "duration": 12.0
        }
      ]
    },
    {
      "id": "p7",
      "location": [
        95.0,
        15.0
      ],
      "time_window": [
        448.0,
        568.0
      ],
      "required_caregivers": [
        {
          "service": "s5",
          "duration": 12.0
        }
      ]
    },
    {
      "id": "p8",
      "location": [
        61.0,
        26.0
      ],
      "time_window": [
        329.0,
        449.0
      ],
      "required_caregivers": [
        {
          "service": "s6",
          "duration": 12.0
        }
      ]
    },
    {
      "id": "p9",
      "location": [
        7.0,
        7.0
      ],
      "time_window": [
        450.0,
        570.0
      ],
      "required_caregivers": [
        {
          "service": "s1",
          "duration": 12.0
        }
      ]
    },
    {
      "id": "p10",
      "location": [
        42.0,
        24.0
      ],
      "time_window": [
        174.0,
        294.0
      ],
      "required_caregivers": [
        {
          "service": "s1",
          "duration": 12.0
        }
      ]
    },
    {
      "id": "p11",
      "location": [
        83.0,
        25.0
      ],
      "time_window": [
        0.0,
        120.0
      ],
      "required_caregivers": [
        {
          "service": "s1",
          "duration": 12.0
        }
      ]
    },
    {
      "id": "p12",
      "location": [
        18.0,
        46.0
      ],
      "time_window": [
        432.0,
        552.0
      ],
      "required_caregivers": [
        {
          "service": "s1",
          "duration": 12.0
        }
      ]
    },
    {
      "id": "p13",
      "location": [
        39.0,
        29.0
      ],
      "time_window": [
        468.0,
        588.0
      ],
      "required_caregivers": [
        {
          "service": "s1",
          "duration": 12.0
        }
      ]
    },
    {
      "id": "p14",
      "location": [
        76.0,
        22.0
      ],
      "time_window": [
        271.0,
        391.0
      ],
      "required_caregivers": [
        {
          "service": "s2",
          "duration": 12.0
        }
      ]
    },
    {
      "id": "p15",
      "location": [
        23.0,
        5.0
      ],
      "time_window": [
        415.0,
        535.0
      ],
      "required_caregivers": [
        {
          "service": "s2",
          "duration": 12.0
        }
      ]
    },
    {
      "id": "p16",
      "location": [
        79.0,
        20.0
      ],
      "time_window": [
        382.0,
        502.0
      ],
      "required_caregivers": [
        {
          "service": "s5",
          "duration": 12.0
        }
      ]
    },
    {
      "id": "p17",
      "location": [
        35.0,
        5.0
      ],
      "time_window": [
        321.0,
        441.0
      ],
      "required_caregivers": [
        {
          "service": "s4",
          "duration": 12.0
        }
      ]
    },
    {
      "id": "p18",
      "location": [
        18.0,
        29.0
      ],
      "time_window": [
        18.0,
        138.0
      ],
      "required_caregivers": [
        {
          "service": "s4",
          "duration": 12.0
        },
        {
          "service": "s5",
          "duration": 12.0
        }
      ],
      "synchronization": {
        "type": "simultaneous"
      }
    },
    {
      "id": "p19",
      "location": [
        46.0,
        47.0
      ],
      "time_window": [
        267.0,
        387.0
      ],
      "required_caregivers": [
        {
          "service": "s4",
          "duration": 12.0
        },
        {
          "service": "s6",
          "duration": 12.0
        }
      ],
      "synchronization": {
        "type": "simultaneous"
      }
    },
    {
      "id": "p20",
      "location": [
        25.0,
        4.0
      ],
      "time_window": [
        39.0,
        159.0
      ],
      "required_caregivers": [
        {
          "service": "s5",
          "duration": 12.0
        },
        {
          "service": "s6",
          "duration": 12.0
        }
      ],
      "synchronization": {
        "type": "simultaneous"
      }
    },
    {
      "id": "p21",
      "location": [
        73.0,
        2.0
      ],
      "time_window": [
        82.0,
        202.0
      ],
      "required_caregivers": [
        {
          "service": "s4",
          "duration": 12.0
        },
        {
          "service": "s6",
          "duration": 12.0
        }
      ],
      "synchronization": {
        "type": "simultaneous"
      }
    },
    {
      "id": "p22",
      "location": [
        33.0,
        37.0
      ],
      "time_window": [
        404.0,
        524.0
      ],
      "required_caregivers": [
        {
          "service": "s2",
          "duration": 12.0
        },
        {
          "service": "s4",
          "duration": 12.0
        }
      ],
      "synchronization": {
        "type": "sequential",
        "distance": [
          57,
          114
        ]
      }
    },
    {
      "id": "p23",
      "location": [
        12.0,
        20.0
      ],
      "time_window": [
        3.0,
        123.0
      ],
      "required_caregivers": [
        {
          "service": "s3",
          "duration": 12.0
        },
        {
          "service": "s4",
          "duration": 12.0
        }
      ],
      "synchronization": {
        "type": "sequential",
        "distance": [
          31,
          62
        ]
      }
    },
    {
      "id": "p24",
      "location": [
        76.0,
        14.0
      ],
      "time_window": [
        91.0,
        211.0
      ],
      "required_caregivers": [
        {
          "service": "s1",
          "duration": 12.0
        },
        {
          "service": "s5",
          "duration": 12.0
        }
      ],
      "synchronization": {
        "type": "sequential",
        "distance": [
          29,
          58
        ]
      }
    },
    {
      "id": "p25",
      "location": [
        0.0,
        0.0
      ],
      "time_window": [
        158.0,
        278.0
      ],
      "required_caregivers": [
        {
          "service": "s1",
          "duration": 12.0
        },
        {
          "service": "s4",
          "duration": 12.0
        }
      ],
      "synchronization": {
        "type": "sequential",
        "distance": [
          38,
          76
        ]
      }
    }
  ],
  "services": [
    {
      "id": "s1",
      "default_duration": 12.0
    },
    {
      "id": "s2",
      "default_duration": 12.0
    },
    {
      "id": "s3",
      "default_duration": 12.0
    },
    {
      "id": "s4",
      "default_duration": 12.0
    },
    {
      "id": "s5",
      "default_duration": 12.0
    },
    {
      "id": "s6",
      "default_duration": 12.0
    }
  ],
  "caregivers": [
    {
      "id": "c1",
      "abilities": [
        "s1",
        "s2"
      ]
    },
    {
      "id": "c2",
      "abilities": [
        "s1",
        "s3"
      ]
    },
    {
      "id": "c3",
      "abilities": [
        "s4",
        "s5",
        "s6"
      ]
    },
    {
      "id": "c4",
      "abilities": [
        "s4",
        "s5"
      ]
    },
    {
      "id": "c5",
      "abilities": [
        "s4",
        "s5",
        "s6"
      ]
    }
  ],
  "central_offices": [
    {
      "id": "d",
      "location": [
        36.0,
        12.0
      ]
    }
  ],
  "distances": [
    [
      0.0,
      59.076,
      54.406,
      32.985,
      34.928,
      37.363,
      28.284,
      59.076,
      28.653,
      29.428,
      13.416,
      48.765,
      38.471,
      17.263,
      41.231,
      14.765,
      43.738,
      7.071,
      24.759,
      36.401,
      13.601,
      38.328,
      25.179,
      25.298,
      40.05,
      37.947
    ],
    [
      59.076,
      0.0,
      5.099,
      30.232,
      35.014,
      95.258,
      85.428,
      31.623,
      30.61,
      86.764,
      47.854,
      20.1,
      67.007,
      48.703,
      24.698,
      73.783,
      25.71,
      64.031,
      68.884,
      39.051,
      72.67,
      44.643,
      52.612,
      77.162,
      32.28,
      96.177
    ],
    [
      54.406,
      5.099,
      0.0,
      26.833,
      30.0,
      90.355,
      80.498,
      32.65,
      26.173,
      81.841,
      42.942,
      19.235,
      62.032,
      43.658,
      22.361,
      69.065,
      24.021,
      59.548,
      63.789,
      34.132,
      68.007,
      42.579,
      47.518,
      72.111,
      30.265,
      91.302
    ],
    [
      32.985,
      30.232,
      26.833,
      0.0,
      30.0,
      70.342,
      61.188,
      27.459,
      9.22,
      62.37,
      26.306,
      15.811,
      56.356,
      30.364,
      8.246,
      47.434,
      11.0,
      36.249,
      50.804,
      34.828,
      45.88,
      18.682,
      38.91,
      56.0,
      10.0,
      70.88
    ],
    [
      34.928,
      35.014,
      30.0,
      30.0,
      0.0,
      65.299,
      55.317,
      53.535,
      21.095,
      56.727,
      21.541,
      38.079,
      32.062,
      18.601,
      34.059,
      47.434,
      37.643,
      41.785,
      35.341,
      5.0,
      47.17,
      47.885,
      18.385,
      44.944,
      39.699,
      66.603
    ],
    [
      37.363,
      95.258,
      90.355,
      70.342,
      65.299,
      0.0,
      10.0,
      95.885,
      65.552,
      8.602,
      47.413,
      86.128,
      47.539,
      47.434,
      78.588,
      23.195,
      81.025,
      35.128,
      32.45,
      64.351,
      25.08,
      73.0,
      48.104,
      21.633,
      76.942,
      2.0
    ],
    [
      28.284,
      85.428,
      80.498,
      61.188,
      55.317,
      10.0,
      0.0,
      87.281,
      55.973,
      1.414,
      37.577,
      76.903,
      39.294,
      37.443,
      69.426,
      15.297,
      72.007,
      27.166,
      23.259,
      54.452,
      17.464,
      65.276,
      38.288,
      12.649,
      68.264,
      11.314
    ],
    [
      59.076,
      31.623,
      32.65,
      27.459,
      53.535,
      95.885,
      87.281,
      0.0,
      35.735,
      88.363,
      53.759,
      15.62,
      83.006,
      57.723,
      20.248,
      72.691,
      16.763,
      60.828,
      78.262,
      58.524,
      70.859,
      25.554,
      65.788,
      83.15,
      19.026,
      96.177
    ],
    [
      28.653,
      30.61,
      26.173,
      9.22,
      21.095,
      65.552,
      55.973,
      35.735,
      0.0,
      57.245,
      19.105,
      22.023,
      47.424,
      22.204,
      15.524,
      43.417,
      18.974,
      33.422,
      43.105,
      25.807,
      42.19,
      26.833,
      30.083,
      49.366,
      19.209,
      66.31
    ],
    [
      29.428,
      86.764,
      81.841,
      62.37,
      56.727,
      8.602,
      1.414,
      88.363,
      57.245,
      0.0,
      38.91,
      78.102,
      40.522,
      38.833,
      70.612,
      16.125,
      73.164,
      28.071,
      24.597,
      55.866,
      18.248,
      66.189,
      39.699,
      13.928,
      69.354,
      9.899
    ],
    [
      13.416,
      47.854,
      42.942,
      26.306,
      21.541,
      47.413,
      37.577,
      53.759,
      19.105,
      38.91,
      0.0,
      41.012,
      32.558,
      5.831,
      34.059,
      26.87,
      37.216,
      20.248,
      24.515,
      23.345,
      26.249,
      38.013,
      15.811,
      30.265,
      35.44,
      48.374
    ],
    [
      48.765,
      20.1,
      19.235,
      15.811,
      38.079,
      86.128,
      76.903,
      15.62,
      22.023,
      78.102,
      41.012,
      0.0,
      68.308,
      44.181,
      7.616,
      63.246,
      6.403,
      52.0,
      65.123,
      43.046,
      61.685,
      25.08,
      51.42,
      71.176,
      13.038,
      86.683
    ],
    [
      38.471,
      67.007,
      62.032,
      56.356,
      32.062,
      47.539,
      39.294,
      83.006,
      47.424,
      40.522,
      32.558,
      68.308,
      0.0,
      27.019,
      62.769,
      41.304,
      66.31,
      44.385,
      17.0,
      28.018,
      42.579,
      70.434,
      17.493,
      26.683,
      66.242,
      49.396
    ],
    [
      17.263,
      48.703,
      43.658,
      30.364,
      18.601,
      47.434,
      37.443,
      57.723,
      22.204,
      38.833,
      5.831,
      44.181,
      27.019,
      0.0,
      37.656,
      28.844,
      41.0,
      24.331,
      21.0,
      19.313,
      28.653,
      43.417,
      10.0,
      28.46,
      39.925,
      48.6
    ],
    [
      41.231,
      24.698,
      22.361,
      8.246,
      34.059,
      78.588,
      69.426,
      20.248,
      15.524,
      70.612,
      34.059,
      7.616,
      62.769,
      37.656,
      0.0,
      55.66,
      3.606,
      44.385,
      58.421,
      39.051,
      54.083,
      20.224,
      45.541,
      64.031,
      8.0,
      79.12
    ],
    [
      14.765,
      73.783,
      69.065,
      47.434,
      47.434,
      23.195,
      15.297,
      72.691,
      43.417,
      16.125,
      26.87,
      63.246,
      41.304,
      28.844,
      55.66,
      0.0,
      57.974,
      12.0,
      24.515,
      47.885,
      2.236,
      50.09,
      33.526,
      18.601,
      53.759,
      23.537
    ],
    [
      43.738,
      25.71,
      24.021,
      11.0,
      37.643,
      81.025,
      72.007,
      16.763,
      18.974,
      73.164,
      37.216,
      6.403,
      66.31,
      41.0,
      3.606,
      57.974,
      0.0,
      46.487,
      61.66,
      42.638,
      56.321,
      18.974,
      49.041,
      67.0,
      6.708,
      81.492
    ],
    [
      7.071,
      64.031,
      59.548,
      36.249,
      41.785,
      35.128,
      27.166,
      60.828,
      33.422,
      28.071,
      20.248,
      52.0,
      44.385,
      24.331,
      44.385,
      12.0,
      46.487,
      0.0,
      29.411,
      43.417,
      10.05,
      38.118,
      32.062,
      27.459,
      41.976,
      35.355
    ],
    [
      24.759,
      68.884,
      63.789,
      50.804,
      35.341,
      32.45,
      23.259,
      78.262,
      43.105,
      24.597,
      24.515,
      65.123,
      17.0,
      21.0,
      58.421,
      24.515,
      61.66,
      29.411,
      0.0,
      33.287,
      25.962,
      61.27,
      17.0,
      10.817,
      59.908,
      34.132
    ],
    [
      36.401,
      39.051,
      34.132,
      34.828,
      5.0,
      64.351,
      54.452,
      58.524,
      25.807,
      55.866,
      23.345,
      43.046,
      28.018,
      19.313,
      39.051,
      47.885,
      42.638,
      43.417,
      33.287,
      0.0,
      47.854,
      52.479,
      16.401,
      43.417,
      44.598,
      65.765
    ],
    [
      13.601,
      72.67,
      68.007,
      45.88,
      47.17,
      25.08,
      17.464,
      70.859,
      42.19,
      18.248,
      26.249,
      61.685,
      42.579,
      28.653,
      54.083,
      2.236,
      56.321,
      10.05,
      25.962,
      47.854,
      0.0,
      48.042,
      33.956,
      20.616,
      51.971,
      25.318
    ],
    [
      38.328,
      44.643,
      42.579,
      18.682,
      47.885,
      73.0,
      65.276,
      25.554,
      26.833,
      66.189,
      38.013,
      25.08,
      70.434,
      43.417,
      20.224,
      50.09,
      18.974,
      38.118,
      61.27,
      52.479,
      48.042,
      0.0,
      53.151,
      63.6,
      12.369,
      73.027
    ],
    [
      25.179,
      52.612,
      47.518,
      38.91,
      18.385,
      48.104,
      38.288,
      65.788,
      30.083,
      39.699,
      15.811,
      51.42,
      17.493,
      10.0,
      45.541,
      33.526,
      49.041,
      32.062,
      17.0,
      16.401,
      33.956,
      53.151,
      0.0,
      27.019,
      48.765,
      49.578
    ],
    [
      25.298,
      77.162,
      72.111,
      56.0,
      44.944,
      21.633,
      12.649,
      83.15,
      49.366,
      13.928,
      30.265,
      71.176,
      26.683,
      28.46,
      64.031,
      18.601,
      67.0,
      27.459,
      10.817,
      43.417,
      20.616,
      63.6,
      27.019,
      0.0,
      64.281,
      23.324
    ],
    [
      40.05,
      32.28,
      30.265,
      10.0,
      39.699,
      76.942,
      68.264,
      19.026,
      19.209,
      69.354,
      35.44,
      13.038,
      66.242,
      39.925,
      8.0,
      53.759,
      6.708,
      41.976,
      59.908,
      44.598,
      51.971,
      12.369,
      48.765,
      64.281,
      0.0,
      77.279
    ],
    [
      37.947,
      96.177,
      91.302,
      70.88,
      66.603,
      2.0,
      11.314,
      96.177,
      66.31,
      9.899,
      48.374,
      86.683,
      49.396,
      48.6,
      79.12,
      23.537,
      81.492,
      35.355,
      34.132,
      65.765,
      25.318,
      73.027,
      49.578,
      23.324,
      77.279,
      0.0
    ]
  ]
}
