{
  "patients": [
    {
      "id": "p1",
      "location": [
        48.0,
        28.0
      ],
      "time_window": [
        229.0,
        349.0
      ],
      "required_caregivers": [
        {
          "service": "s2",
          "duration": 17.0
        }
      ]
    },
    {
      "id": "p2",
      "location": [
        59.0,
        48.0
      ],
      "time_window": [
        76.0,
        196.0
      ],
      "required_caregivers": [
        {
          "service": "s5",
          "duration": 17.0
        }
      ]
    },
    {
      "id": "p3",
      "location": [
        73.0,
        19.0
      ],
      "time_window": [
        268.0,
        388.0
      ],
      "required_caregivers": [
        {
          "service": "s5",
          "duration": 17.0
        }
      ]
    },
    {
      "id": "p4",
      "location": [
        13.0,
        18.0
      ],
      "time_window": [
        55.0,
        175.0
      ],
      "required_caregivers": [
        {
          "service": "s2",
          "duration": 17.0
        }
      ]
    },
    {
      "id": "p5",
      "location": [
        46.0,
        26.0
      ],
      "time_window": [
        119.0,
        239.0
      ],
      "required_caregivers": [
        {
          "service": "s6",
          "duration": 17.0
        }
      ]
    },
    {
      "id": "p6",
      "location": [
        26.0,
        10.0
      ],
      "time_window": [
        177.0,
        297.0
      ],
      "required_caregivers": [
        {
          "service": "s4",
          "duration": 17.0
        }
      ]
    },
    {
      "id": "p7",
      "location": [
        95.0,
        22.0
      ],
      "time_window": [
        233.0,
        353.0
      ],
      "required_caregivers": [
        {
          "service": "s6",
          "duration": 17.0
        }
      ]
    },
    {
      "id": "p8",
      "location": [
        11.0,
        42.0
      ],
      "time_window": [
        216.0,
        336.0
      ],
      "required_caregivers": [
        {
          "service": "s1",
          "duration": 17.0
        }
      ]
    },
    {
      "id": "p9",
      "location": [
        39.0,
        28.0
      ],
      "time_window": [
        73.0,
        193.0
      ],
      "required_caregivers": [
        {
          "service": "s2",
          "duration": 17.0
        }
      ]
    },
    {
      "id": "p10",
      "location": [
        91.0,
        46.0
      ],
      "time_window": [
        253.0,
        373.0
      ],
      "required_caregivers": [
        {
          "service": "s2",
          "duration": 17.0
        }
      ]
    },
    {
      "id": "p11",
      "location": [
        6.0,
        3.0
      ],
      "time_window": [
        86.0,
        206.0
      ],
      "required_caregivers": [
        {
          "service": "s3",
          "duration": 17.0
        }
      ]
    },
    {
      "id": "p12",
      "location": [
        1.0,
        26.0
      ],
      "time_window": [
        166.0,
        286.0
      ],
      "required_caregivers": [
        {
          "service": "s5",
          "duration": 17.0
        }
      ]
    },
    {
      "id": "p13",
      "location": [
        62.0,
        20.0
      ],
      "time_window": [
        346.0,
        466.0
      ],
      "required_caregivers": [
        {
          "service": "s5",
          "duration": 17.0
        }
      ]
    },
    {
      "id": "p14",
      "location": [
        93.0,
        49.0
      ],
      "time_window": [
        418.0,
        538.0
      ],
      "required_caregivers": [
        {
          "service": "s5",
          "duration": 17.0
        }
      ]
    },
    {
      "id": "p15",
      "location": [
        26.0,
        33.0
      ],
      "time_window": [
        335.0,
        455.0
      ],
      "required_caregivers": [
        {
          "service": "s6",
          "duration": 17.0
        }
      ]
    },
    {
      "id": "p16",
      "location": [
        66.0,
        9.0
      ],
      "time_window": [
        98.0,
        218.0
      ],
      "required_caregivers": [
        {
          "service": "s3",
          "duration": 17.0
        }
      ]
    },
    {
      "id": "p17",
      "location": [
        50.0,
        32.0
      ],
      "time_window": [
        251.0,
        371.0
      ],
      "required_caregivers": [
        {
          "service": "s6",
          "duration": 17.0
        }
      ]
    },
    {
      "id": "p18",
      "location": [
        3.0,
        20.0
      ],
      "time_window": [
        368.0,
        488.0
      ],
      "required_caregivers": [
        {
          "service": "s4",
          "duration": 17.0
        },
        {
          "service": "s5",
          "duration": 17.0
        }
      ],
      "synchronization": {
        "type": "simultaneous"
      }
    },
    {
      "id": "p19",
      "location": [
        15.0,
        9.0
      ],
      "time_window": [
        239.0,
        359.0
      ],
      "required_caregivers": [
        {
          "service": "s5",
          "duration": 17.0
        },
        {
          "service": "s6",
          "duration": 17.0
        }
      ],
      "synchronization": {
        "type": "simultaneous"
      }
    },
    {
      "id": "p20",
      "location": [
        52.0,
        38.0
      ],
      "time_window": [
        324.0,
        444.0
      ],
      "required_caregivers": [
        {
          "service": "s5",
          "duration": 17.0
        },
        {
          "service": "s6",
          "duration": 17.0
        }
      ],
      "synchronization": {
        "type": "simultaneous"
      }
    },
    {
      "id": "p21",
      "location": [
        10.0,
        8.0
      ],
      "time_window": [
        391.0,
        511.0
      ],
      "required_caregivers": [
        {
          "service": "s4",
          "duration": 17.0
        },
        {
          "service": "s6",
          "duration": 17.0
        }
      ],
      "synchronization": {
        "type": "simultaneous"
      }
    },
    {
      "id": "p22",
      "location": [
        4.0,
        0.0
      ],
      "time_window": [
        46.0,
        166.0
      ],
      "required_caregivers": [
        {
          "service": "s2",
          "duration": 17.0
        },
        {
          "service": "s4",
          "duration": 17.0
        }
      ],
      "synchronization": {
        "type": "sequential",
        "distance": [
          23,
          46
        ]
      }
    },
    {
      "id": "p23",
      "location": [
        84.0,
        5.0
      ],
      "time_window": [
        146.0,
        266.0
      ],
      "required_caregivers": [
        {
          "service": "s1",
          "duration": 17.0
        },
        {
          "service": "s4",
          "duration": 17.0
        }
      ],
      "synchronization": {
        "type": "sequential",
        "distance": [
          33,
          66
        ]
      }
    },
    {
      "id": "p24",
      "location": [
        5.0,
        39.0
      ],
      "time_window": [
        412.0,
        532.0
      ],
      "required_caregivers": [
        {
          "service": "s2",
          "duration": 17.0
        },
        {
          "service": "s6",
          "duration": 17.0
        }
      ],
      "synchronization": {
        "type": "sequential",
        "distance": [
          17,
          34
        ]
      }
    },
    {
      "id": "p25",
      "location": [
        0.0,
        0.0
      ],
      "time_window": [
        161.0,
        281.0
      ],
      "required_caregivers": [
        {
          "service": "s3",
          "duration": 17.0
        },
        {
          "service": "s6",
          "duration": 17.0
        }
      ],
      "synchronization": {
        "type": "sequential",
        "distance": [
          60,
          120
        ]
      }
    }
  ],
  "services": [
    {
      "id": "s1",
      "default_duration": 17.0
    },
    {
      "id": "s2",
      "default_duration": 17.0
    },
    {
      "id": "s3",
      "default_duration": 17.0
    },
    {
      "id": "s4",
      "default_duration": 17.0
    },
    {
      "id": "s5",
      "default_duration": 17.0
    },
    {
      "id": "s6",
      "default_duration": 17.0
    }
  ],
  "caregivers": [
    {
      "id": "c1",
      "abilities": [
        "s1",
        "s2",
        "s3"
      ]
    },
    {
      "id": "c2",
      "abilities": [
        "s2",
        "s3"
      ]
    },
    {
      "id": "c3",
      "abilities": [
        "s4",
        "s5",
        "s6"
      ]
    },
    {
      "id": "c4",
      "abilities": [
        "s4",
        "s5",
        "s6"
      ]
    },
    {
      "id": "c5",
      "abilities": [
        "s4",
        "s5",
        "s6"
      ]
    }
  ],
  "central_offices": [
    {
      "id": "d",
      "location": [
        89.0,
        48.0
      ]
    }
  ],
  "distances": [
    [
      0.0,
      45.618,
      30.0,
      33.121,
      81.707,
      48.301,
      73.573,
      26.683,
      78.23,
      53.852,
      2.828,
      94.414,
      90.708,
      38.897,
      4.123,
      64.761,
      45.277,
      42.154,
      90.443,
      83.648,
      38.328,
      88.549,
      97.617,
      43.29,
      84.481,
      101.119
    ],
    [
      45.618,
      0.0,
      22.825,
      26.571,
      36.401,
      2.828,
      28.425,
      47.381,
      39.56,
      9.0,
      46.615,
      48.877,
      47.043,
      16.125,
      49.659,
      22.561,
      26.173,
      4.472,
      45.706,
      38.079,
      10.77,
      42.942,
      52.154,
      42.72,
      44.385,
      55.57
    ],
    [
      30.0,
      22.825,
      0.0,
      32.202,
      54.918,
      25.554,
      50.329,
      44.407,
      48.374,
      28.284,
      32.062,
      69.527,
      62.032,
      28.16,
      34.015,
      36.249,
      39.623,
      18.358,
      62.61,
      58.796,
      12.207,
      63.253,
      73.0,
      49.739,
      54.745,
      76.059
    ],
    [
      33.121,
      26.571,
      32.202,
      0.0,
      60.008,
      27.893,
      47.854,
      22.204,
      66.129,
      35.171,
      32.45,
      68.884,
      72.339,
      11.045,
      36.056,
      49.041,
      12.207,
      26.42,
      70.007,
      58.856,
      28.32,
      63.953,
      71.568,
      17.804,
      70.88,
      75.432
    ],
    [
      81.707,
      36.401,
      54.918,
      60.008,
      0.0,
      33.956,
      15.264,
      82.098,
      24.083,
      27.857,
      82.873,
      16.553,
      14.422,
      49.041,
      85.796,
      19.849,
      53.759,
      39.56,
      10.198,
      9.22,
      43.829,
      10.44,
      20.125,
      72.18,
      22.472,
      22.204
    ],
    [
      48.301,
      2.828,
      25.554,
      27.893,
      33.956,
      0.0,
      25.612,
      49.163,
      38.484,
      7.28,
      49.244,
      46.141,
      45.0,
      17.088,
      52.326,
      21.19,
      26.249,
      7.211,
      43.417,
      35.355,
      13.416,
      40.249,
      49.396,
      43.417,
      43.012,
      52.839
    ],
    [
      73.573,
      28.425,
      50.329,
      47.854,
      15.264,
      25.612,
      0.0,
      70.036,
      35.341,
      22.204,
      74.303,
      21.19,
      29.682,
      37.363,
      77.524,
      23.0,
      40.012,
      32.558,
      25.08,
      11.045,
      38.21,
      16.125,
      24.166,
      58.215,
      35.805,
      27.857
    ],
    [
      26.683,
      47.381,
      44.407,
      22.204,
      82.098,
      49.163,
      70.036,
      0.0,
      86.348,
      56.321,
      24.331,
      91.005,
      94.085,
      33.061,
      27.074,
      69.871,
      31.78,
      46.098,
      92.022,
      81.049,
      45.88,
      86.145,
      93.622,
      20.248,
      91.591,
      97.514
    ],
    [
      78.23,
      39.56,
      48.374,
      66.129,
      24.083,
      38.484,
      35.341,
      86.348,
      0.0,
      31.305,
      80.1,
      39.319,
      18.868,
      55.543,
      82.298,
      17.493,
      64.14,
      40.262,
      23.409,
      33.242,
      41.195,
      34.015,
      42.579,
      81.841,
      6.708,
      43.417
    ],
    [
      53.852,
      9.0,
      28.284,
      35.171,
      27.857,
      7.28,
      22.204,
      56.321,
      31.305,
      0.0,
      55.027,
      41.4,
      38.053,
      24.352,
      57.94,
      13.928,
      33.015,
      11.705,
      36.878,
      30.61,
      16.401,
      35.228,
      44.822,
      50.537,
      35.735,
      48.01
    ],
    [
      2.828,
      46.615,
      32.062,
      32.45,
      82.873,
      49.244,
      74.303,
      24.331,
      80.1,
      55.027,
      0.0,
      95.258,
      92.195,
      38.949,
      3.606,
      66.287,
      44.654,
      43.324,
      91.761,
      84.528,
      39.812,
      89.471,
      98.412,
      41.593,
      86.284,
      101.966
    ],
    [
      94.414,
      48.877,
      69.527,
      68.884,
      16.553,
      46.141,
      21.19,
      91.005,
      39.319,
      41.4,
      95.258,
      0.0,
      23.537,
      58.524,
      98.412,
      36.056,
      60.299,
      52.697,
      17.263,
      10.817,
      57.801,
      6.403,
      3.606,
      78.026,
      36.014,
      6.708
    ],
    [
      90.708,
      47.043,
      62.032,
      72.339,
      14.422,
      45.0,
      29.682,
      94.085,
      18.868,
      38.053,
      92.195,
      23.537,
      0.0,
      61.294,
      94.831,
      25.962,
      67.186,
      49.366,
      6.325,
      22.023,
      52.393,
      20.125,
      26.173,
      85.615,
      13.601,
      26.019
    ],
    [
      38.897,
      16.125,
      28.16,
      11.045,
      49.041,
      17.088,
      37.363,
      33.061,
      55.543,
      24.352,
      38.949,
      58.524,
      61.294,
      0.0,
      42.45,
      38.275,
      11.705,
      16.971,
      59.0,
      48.27,
      20.591,
      53.367,
      61.351,
      26.627,
      60.083,
      65.146
    ],
    [
      4.123,
      49.659,
      34.015,
      36.056,
      85.796,
      52.326,
      77.524,
      27.074,
      82.298,
      57.94,
      3.606,
      98.412,
      94.831,
      42.45,
      0.0,
      68.884,
      48.26,
      46.239,
      94.557,
      87.658,
      42.45,
      92.574,
      101.597,
      44.911,
      88.566,
      105.119
    ],
    [
      64.761,
      22.561,
      36.249,
      49.041,
      19.849,
      21.19,
      23.0,
      69.871,
      17.493,
      13.928,
      66.287,
      36.056,
      25.962,
      38.275,
      68.884,
      0.0,
      46.648,
      24.021,
      26.42,
      26.401,
      26.476,
      29.682,
      39.661,
      64.405,
      21.84,
      42.012
    ],
    [
      45.277,
      26.173,
      39.623,
      12.207,
      53.759,
      26.249,
      40.012,
      31.78,
      64.14,
      33.015,
      44.654,
      60.299,
      67.186,
      11.705,
      48.26,
      46.648,
      0.0,
      28.018,
      63.953,
      51.0,
      32.202,
      56.009,
      62.65,
      18.439,
      67.978,
      66.611
    ],
    [
      42.154,
      4.472,
      18.358,
      26.42,
      39.56,
      7.211,
      32.558,
      46.098,
      40.262,
      11.705,
      43.324,
      52.697,
      49.366,
      16.971,
      46.239,
      24.021,
      28.018,
      0.0,
      48.508,
      41.881,
      6.325,
      46.648,
      56.036,
      43.417,
      45.541,
      59.363
    ],
    [
      90.443,
      45.706,
      62.61,
      70.007,
      10.198,
      43.417,
      25.08,
      92.022,
      23.409,
      36.878,
      91.761,
      17.263,
      6.325,
      59.0,
      94.557,
      26.42,
      63.953,
      48.508,
      0.0,
      16.279,
      52.202,
      13.892,
      20.025,
      82.377,
      19.105,
      20.224
    ],
    [
      83.648,
      38.079,
      58.796,
      58.856,
      9.22,
      35.355,
      11.045,
      81.049,
      33.242,
      30.61,
      84.528,
      10.817,
      22.023,
      48.27,
      87.658,
      26.401,
      51.0,
      41.881,
      16.279,
      0.0,
      47.011,
      5.099,
      14.213,
      69.116,
      31.623,
      17.493
    ],
    [
      38.328,
      10.77,
      12.207,
      28.32,
      43.829,
      13.416,
      38.21,
      45.88,
      41.195,
      16.401,
      39.812,
      57.801,
      52.393,
      20.591,
      42.45,
      26.476,
      32.202,
      6.325,
      52.202,
      47.011,
      0.0,
      51.614,
      61.221,
      45.967,
      47.011,
      64.405
    ],
    [
      88.549,
      42.942,
      63.253,
      63.953,
      10.44,
      40.249,
      16.125,
      86.145,
      34.015,
      35.228,
      89.471,
      6.403,
      20.125,
      53.367,
      92.574,
      29.682,
      56.009,
      46.648,
      13.892,
      5.099,
      51.614,
      0.0,
      10.0,
      74.061,
      31.401,
      12.806
    ],
    [
      97.617,
      52.154,
      73.0,
      71.568,
      20.125,
      49.396,
      24.166,
      93.622,
      42.579,
      44.822,
      98.412,
      3.606,
      26.173,
      61.351,
      101.597,
      39.661,
      62.65,
      56.036,
      20.025,
      14.213,
      61.221,
      10.0,
      0.0,
      80.156,
      39.013,
      4.0
    ],
    [
      43.29,
      42.72,
      49.739,
      17.804,
      72.18,
      43.417,
      58.215,
      20.248,
      81.841,
      50.537,
      41.593,
      78.026,
      85.615,
      26.627,
      44.911,
      64.405,
      18.439,
      43.417,
      82.377,
      69.116,
      45.967,
      74.061,
      80.156,
      0.0,
      86.006,
      84.149
    ],
    [
      84.481,
      44.385,
      54.745,
      70.88,
      22.472,
      43.012,
      35.805,
      91.591,
      6.708,
      35.735,
      86.284,
      36.014,
      13.601,
      60.083,
      88.566,
      21.84,
      67.978,
      45.541,
      19.105,
      31.623,
      47.011,
      31.401,
      39.013,
      86.006,
      0.0,
      39.319
    ],
    [
      101.119,
      55.57,
      76.059,
      75.432,
      22.204,
      52.839,
      27.857,
      97.514,
      43.417,
      48.01,
      101.966,
      6.708,
      26.019,
      65.146,
      105.119,
      42.012,
      66.611,
      59.363,
      20.224,
      17.493,
      64.405,
      12.806,
      4.0,
      84.149,
      39.319,
      0.0
    ]
  ]
}
