{
  "patients": [
    {
      "id": "p1",
      "location": [
        93.0,
        20.0
      ],
      "time_window": [
        393.0,
        513.0
      ],
      "required_caregivers": [
        {
          "service": "s4",
          "duration": 15.0
        }
      ]
    },
    {
      "id": "p2",
      "location": [
        46.0,
        13.0
      ],
      "time_window": [
        60.0,
        180.0
      ],
      "required_caregivers": [
        {
          "service": "s1",
          "duration": 15.0
        }
      ]
    },
    {
      "id": "p3",
      "location": [
        97.0,
        42.0
      ],
      "time_window": [
        93.0,
        213.0
      ],
      "required_caregivers": [
        {
          "service": "s4",
          "duration": 15.0
        }
      ]
    },
    {
      "id": "p4",
      "location": [
        81.0,
        21.0
      ],
      "time_window": [
        90.0,
        210.0
      ],
      "required_caregivers": [
        {
          "service": "s1",
          "duration": 15.0
        }
      ]
    },
    {
      "id": "p5",
      "location": [
        23.0,
        5.0
      ],
      "time_window": [
        46.0,
        166.0
      ],
      "required_caregivers": [
        {
          "service": "s5",
          "duration": 15.0
        }
      ]
    },
    {
      "id": "p6",
      "location": [
        91.0,
        0.0
      ],
      "time_window": [
        256.0,
        376.0
      ],
      "required_caregivers": [
        {
          "service": "s5",
          "duration": 15.0
        }
      ]
    },
    {
      "id": "p7",
      "location": [
        95.0,
        16.0
      ],
      "time_window": [
        37.0,
        157.0
      ],
      "required_caregivers": [
        {
          "service": "s2",
          "duration": 15.0
        }
      ]
    },
    {
      "id": "p8",
      "location": [
        86.0,
        31.0
      ],
      "time_window": [
        208.0,
        328.0
      ],
      "required_caregivers": [
        {
          "service": "s5",
          "duration": 15.0
        }
      ]
    },
    {
      "id": "p9",
      "location": [
        73.0,
        13.0
      ],
      "time_window": [
        261.0,
        381.0
      ],
      "required_caregivers": [
        {
          "service": "s4",
          "duration": 15.0
        }
      ]
    },
    {
      "id": "p10",
      "location": [
        93.0,
        3.0
      ],
      "time_window": [
        454.0,
        574.0
      ],
      "required_caregivers": [
        {
          "service": "s5",
          "duration": 15.0
        }
      ]
    },
    {
      "id": "p11",
      "location": [
        95.0,
        10.0
      ],
      "time_window": [
        43.0,
        163.0
      ],
      "required_caregivers": [
        {
          "service": "s2",
          "duration": 15.0
        }
      ]
    },
    {
      "id": "p12",
      "location": [
        35.0,
        14.0
      ],
      "time_window": [
        59.0,
        179.0
      ],
      "required_caregivers": [
        {
          "service": "s6",
          "duration": 15.0
        }
      ]
    },
    {
      "id": "p13",
      "location": [
        74.0,
        40.0
      ],
      "time_window": [
        471.0,
        591.0
      ],
      "required_caregivers": [
        {
          "service": "s4",
          "duration": 15.0
        }
      ]
    },
    {
      "id": "p14",
      "location": [
        8.0,
        9.0
      ],
      "time_window": [
        408.0,
        528.0
      ],
      "required_caregivers": [
        {
          "service": "s1",
          "duration": 15.0
        }
      ]
    },
    {
      "id": "p15",
      "location": [
        48.0,
        14.0
      ],
      "time_window": [
        135.0,
        255.0
      ],
      "required_caregivers": [
        {
          "service": "s4",
          "duration": 15.0
        }
      ]
    },
    {
      "id": "p16",
      "location": [
        72.0,
        27.0
      ],
      "time_window": [
        240.0,
        360.0
      ],
      "required_caregivers": [
        {
          "service": "s1",
          "duration": 15.0
        }
      ]
    },
    {
      "id": "p17",
      "location": [
        17.0,
        16.0
      ],
      "time_window": [
        286.0,
        406.0
      ],
      "required_caregivers": [
        {
          "service": "s5",
          "duration": 15.0
        }
      ]
    },
    {
      "id": "p18",
      "location": [
        10.0,
        6.0
      ],
      "time_window": [
        193.0,
        313.0
      ],
      "required_caregivers": [
        {
          "service": "s2",
          "duration": 15.0
        }
      ]
    },
    {
      "id": "p19",
      "location": [
        55.0,
        6.0
      ],
      "time_window": [
        253.0,
        373.0
      ],
      "required_caregivers": [
        {
          "service": "s2",
          "duration": 15.0
        }
      ]
    },
    {
      "id": "p20",
      "location": [
        39.0,
        38.0
      ],
      "time_window": [
        118.0,
        238.0
      ],
      "required_caregivers": [
        {
          "service": "s5",
          "duration": 15.0
        }
      ]
    },
    {
      "id": "p21",
      "location": [
        92.0,
        42.0
      ],
      "time_window": [
        413.0,
        533.0
      ],
      "required_caregivers": [
        {
          "service": "s6",
          "duration": 15.0
        }
      ]
    },
    {
      "id": "p22",
      "location": [
        68.0,
        33.0
      ],
      "time_window": [
        49.0,
        169.0
      ],
      "required_caregivers": [
        {
          "service": "s2",
          "duration": 15.0
        }
      ]
    },
    {
      "id": "p23",
      "location": [
        98.0,
        30.0
      ],
      "time_window": [
        315.0,
        435.0
      ],
      "required_caregivers": [
        {
          "service": "s4",
          "duration": 15.0
        }
      ]
    },
    {
      "id": "p24",
      "location": [
        41.0,
        19.0
      ],
      "time_window": [
        188.0,
        308.0
      ],
      "required_caregivers": [
        {
          "service": "s3",
          "duration": 15.0
        }
      ]
    },
    {
      "id": "p25",
      "location": [
        5.0,
        10.0
      ],
      "time_window": [
        335.0,
        455.0
      ],
      "required_caregivers": [
        {
          "service": "s6",
          "duration": 15.0
        }
      ]
    },
    {
      "id": "p26",
      "location": [
        71.0,
        11.0
      ],
      "time_window": [
        109.0,
        229.0
      ],
      "required_caregivers": [
        {
          "service": "s2",
          "duration": 15.0
        }
      ]
    },
    {
      "id": "p27",
      "location": [
        81.0,
        26.0
      ],
      "time_window": [
        254.0,
        374.0
      ],
      "required_caregivers": [
        {
          "service": "s3",
          "duration": 15.0
        }
      ]
    },
    {
      "id": "p28",
      "location": [
        8.0,
        44.0
      ],
      "time_window": [
        470.0,
        590.0
      ],
      "required_caregivers": [
        {
          "service": "s3",
          "duration": 15.0
        }
      ]
    },
    {
      "id": "p29",
      "location": [
        8.0,
        11.0
      ],
      "time_window": [
        188.0,
        308.0
      ],
      "required_caregivers": [
        {
          "service": "s3",
          "duration": 15.0
        }
      ]
    },
    {
      "id": "p30",
      "location": [
        60.0,
        24.0
      ],
      "time_window": [
        470.0,
        590.0
      ],
      "required_caregivers": [
        {
          "service": "s3",
          "duration": 15.0
        }
      ]
    },
    {
      "id": "p31",
      "location": [
        36.0,
        7.0
      ],
      "time_window": [
        308.0,
        428.0
      ],
      "required_caregivers": [
        {
          "service": "s3",
          "duration": 15.0
        }
      ]
    },
    {
      "id": "p32",
      "location": [
        36.0,
        6.0
      ],
      "time_window": [
        182.0,
        302.0
      ],
      "required_caregivers": [
        {
          "service": "s3",
          "duration": 15.0
        }
      ]
    },
    {
      "id": "p33",
      "location": [
        90.0,
        6.0
      ],
      "time_window": [
        72.0,
        192.0
      ],
      "required_caregivers": [
        {
          "service": "s1",
          "duration": 15.0
        }
      ]
    },
    {
      "id": "p34",
      "location": [
        99.0,
        11.0
      ],
      "time_window": [
        116.0,
        236.0
      ],
      "required_caregivers": [
        {
          "service": "s3",
          "duration": 15.0
        }
      ]
    },
    {
      "id": "p35",
      "location": [
        22.0,
        31.0
      ],
      "time_window": [
        157.0,
        277.0
      ],
      "required_caregivers": [
        {
          "service": "s2",
          "duration": 15.0
        }
      ]
    },
    {
      "id": "p36",
      "location": [
        68.0,
        4.0
      ],
      "time_window": [
        355.0,
        475.0
      ],
      "required_caregivers": [
        {
          "service": "s4",
          "duration": 15.0
        },
        {
          "service": "s5",
          "duration": 15.0
        }
      ],
      "synchronization": {
        "type": "simultaneous"
      }
    },
    {
      "id": "p37",
      "location": [
        51.0,
        34.0
      ],
      "time_window": [
        70.0,
        190.0
      ],
      "required_caregivers": [
        {
          "service": "s5",
          "duration": 15.0
        },
        {
          "service": "s6",
          "duration": 15.0
        }
      ],
      "synchronization": {
        "type": "simultaneous"
      }
    },
    {
      "id": "p38",
      "location": [
        63.0,
        25.0
      ],
      "time_window": [
        190.0,
        310.0
      ],
      "required_caregivers": [
        {
          "service": "s5",
          "duration": 15.0
        },
        {
          "service": "s6",
          "duration": 15.0
        }
      ],
      "synchronization": {
        "type": "simultaneous"
      }
    },
    {
      "id": "p39",
      "location": [
        79.0,
        21.0
      ],
      "time_window": [
        75.0,
        195.0
      ],
      "required_caregivers": [
        {
          "service": "s4",
          "duration": 15.0
        },
        {
          "service": "s5",
          "duration": 15.0
        }
      ],
      "synchronization": {
        "type": "simultaneous"
      }
    },
    {
      "id": "p40",
      "location": [
        33.0,
        45.0
      ],
      "time_window": [
        313.0,
        433.0
      ],
      "required_caregivers": [
        {
          "service": "s4",
          "duration": 15.0
        },
        {
          "service": "s6",
          "duration": 15.0
        }
      ],
      "synchronization": {
        "type": "simultaneous"
      }
    },
    {
      "id": "p41",
      "location": [
        8.0,
        16.0
      ],
      "time_window": [
        299.0,
        419.0
      ],
      "required_caregivers": [
        {
          "service": "s4",
          "duration": 15.0
        },
        {
          "service": "s6",
          "duration": 15.0
        }
      ],
      "synchronization": {
        "type": "simultaneous"
      }
    },
    {
      "id": "p42",
      "location": [
        88.0,
        14.0
      ],
      "time_window": [
        457.0,
        577.0
      ],
      "required_caregivers": [
        {
          "service": "s5",
          "duration": 15.0
        },
        {
          "service": "s6",
          "duration": 15.0
        }
      ],
      "synchronization": {
        "type": "simultaneous"
      }
    },
    {
      "id": "p43",
      "location": [
        79.0,
        2.0
      ],
      "time_window": [
        392.0,
        512.0
      ],
      "required_caregivers": [
        {
          "service": "s3",
          "duration": 15.0
        },
        {
          "service": "s4",
          "duration": 15.0
        }
      ],
      "synchronization": {
        "type": "sequential",
        "distance": [
          31,
          62
        ]
      }
    },
    {
      "id": "p44",
      "location": [
        48.0,
        44.0
      ],
      "time_window": [
        252.0,
        372.0
      ],
      "required_caregivers": [
        {
          "service": "s3",
          "duration": 15.0
        },
        {
          "service": "s6",
          "duration": 15.0
        }
      ],
      "synchronization": {
        "type": "sequential",
        "distance": [
          4,
          8
        ]
      }
    },
    {
      "id": "p45",
      "location": [
        37.0,
        10.0
      ],
      "time_window": [
        28.0,
        148.0
      ],
      "required_caregivers": [
        {
          "service": "s3",
          "duration": 15.0
        },
        {
          "service": "s6",
          "duration": 15.0
        }
      ],
      "synchronization": {
        "type": "sequential",
        "distance": [
          29,
          58
        ]
      }
    },
    {
      "id": "p46",
      "location": [
        7.0,
        4.0
      ],
      "time_window": [
        299.0,
        419.0
      ],
      "required_caregivers": [
        {
          "service": "s1",
          "duration": 15.0
        },
        {
          "service": "s6",
          "duration": 15.0
        }
      ],
      "synchronization": {
        "type": "sequential",
        "distance": [
          32,
          64
        ]
      }
    },
    {
      "id": "p47",
      "location": [
        36.0,
        16.0
      ],
      "time_window": [
        438.0,
        558.0
      ],
      "required_caregivers": [
        {
          "service": "s1",
          "duration": 15.0
        },
        {
          "service": "s6",
          "duration": 15.0
        }
      ],
      "synchronization": {
        "type": "sequential",
        "distance": [
          51,
          102
        ]
      }
    },
    {
      "id": "p48",
      "location": [
        23.0,
        18.0
      ],
      "time_window": [
        474.0,
        594.0
      ],
      "required_caregivers": [
        {
          "service": "s1",
          "duration": 15.0
        },
        {
          "service": "s6",
          "duration": 15.0
        }
      ],
      "synchronization": {
        "type": "sequential",
        "distance": [
          16,
          32
        ]
      }
    },
    {
      "id": "p49",
      "location": [
        32.0,
        33.0
      ],
      "time_window": [
        41.0,
        161.0
      ],
      "required_caregivers": [
        {
          "service": "s2",
          "duration": 15.0
        },
        {
          "service": "s5",
          "duration": 15.0
        }
      ],
      "synchronization": {
        "type": "sequential",
        "distance": [
          49,
          98
        ]
      }
    },
    {
      "id": "p50",
      "location": [
        0.0,
        0.0
      ],
      "time_window": [
        43.0,
        163.0
      ],
      "required_caregivers": [
        {
          "service": "s1",
          "duration": 15.0
        },
        {
          "service": "s5",
          "duration": 15.0
        }
      ],
      "synchronization": {
        "type": "sequential",
        "distance": [
          9,
          18
        ]
      }
    }
  ],
  "services": [
    {
      "id": "s1",
      "default_duration": 15.0
    },
    {
      "id": "s2",
      "default_duration": 15.0
    },
    {
      "id": "s3",
      "default_duration": 15.0
    },
    {
      "id": "s4",
      "default_duration": 15.0
    },
    {
      "id": "s5",
      "default_duration": 15.0
    },
    {
      "id": "s6",
      "default_duration": 15.0
    }
  ],
  "caregivers": [
    {
      "id": "c1",
      "abilities": [
        "s1"
      ]
    },
    {
      "id": "c2",
      "abilities": [
        "s3"
      ]
    },
    {
      "id": "c3",
      "abilities": [
        "s2",
        "s3"
      ]
    },
    {
      "id": "c4",
      "abilities": [
        "s5",
        "s6"
      ]
    },
    {
      "id": "c5",
      "abilities": [
        "s4",
        "s6"
      ]
    },
    {
      "id": "c6",
      "abilities": [
        "s4",
        "s5",
        "s6"
      ]
    },
    {
      "id": "c7",
      "abilities": [
        "s4",
        "s5",
        "s6"
      ]
    },
    {
      "id": "c8",
      "abilities": [
        "s4"
      ]
    },
    {
      "id": "c9",
      "abilities": [
        "s4",
        "s5",
        "s6"
      ]
    },
    {
      "id": "c10",
      "abilities": [
        "s4",
        "s5",
        "s6"
      ]
    }
  ],
  "central_offices": [
    {
      "id": "d",
      "location": [
        13.0,
        13.0
      ]
    }
  ],
  "distances": [
    [
      0.0,
      80.306,
      33.0,
      88.865,
      68.469,
      12.806,
      79.076,
      82.055,
      75.186,
      60.0,
      80.623,
      82.055,
      22.023,
      66.708,
      6.403,
      35.014,
      60.638,
      5.0,
      7.616,
      42.579,
      36.069,
      84.155,
      58.524,
      86.683,
      28.636,
      8.544,
      58.034,
      69.232,
      31.401,
      5.385,
      48.27,
      23.77,
      24.042,
      77.318,
      86.023,
      20.125,
      55.732,
      43.417,
      51.42,
      66.483,
      37.736,
      5.831,
      75.007,
      66.91,
      46.755,
      24.187,
      10.817,
      23.195,
      11.18,
      27.586,
      18.385
    ],
    [
      80.306,
      0.0,
      47.518,
      22.361,
      12.042,
      71.589,
      20.1,
      4.472,
      13.038,
      21.19,
      17.0,
      10.198,
      58.31,
      27.586,
      85.709,
      45.398,
      22.136,
      76.105,
      84.172,
      40.497,
      56.921,
      22.023,
      28.178,
      11.18,
      52.01,
      88.566,
      23.77,
      13.416,
      88.323,
      85.475,
      33.242,
      58.464,
      58.694,
      14.318,
      10.817,
      71.847,
      29.682,
      44.272,
      30.414,
      14.036,
      65.0,
      85.094,
      7.81,
      22.804,
      51.0,
      56.886,
      87.476,
      57.14,
      70.029,
      62.37,
      95.126
    ],
    [
      33.0,
      47.518,
      0.0,
      58.669,
      35.903,
      24.352,
      46.84,
      49.092,
      43.863,
      27.0,
      48.052,
      49.092,
      11.045,
      38.897,
      38.21,
      2.236,
      29.53,
      29.155,
      36.674,
      11.402,
      25.962,
      54.378,
      29.732,
      54.708,
      7.81,
      41.11,
      25.08,
      37.336,
      49.041,
      38.053,
      17.804,
      11.662,
      12.207,
      44.553,
      53.038,
      30.0,
      23.77,
      21.587,
      20.809,
      33.956,
      34.54,
      38.118,
      42.012,
      34.785,
      31.064,
      9.487,
      40.025,
      10.44,
      23.537,
      24.413,
      47.802
    ],
    [
      88.865,
      22.361,
      58.669,
      0.0,
      26.401,
      82.735,
      42.426,
      26.077,
      15.556,
      37.643,
      39.205,
      32.062,
      68.029,
      23.087,
      94.921,
      56.436,
      29.155,
      84.119,
      94.154,
      55.317,
      58.138,
      5.0,
      30.364,
      12.042,
      60.539,
      97.406,
      40.46,
      22.627,
      89.022,
      94.244,
      41.146,
      70.328,
      70.831,
      36.674,
      31.064,
      75.802,
      47.802,
      46.69,
      38.013,
      27.659,
      64.07,
      92.72,
      29.411,
      43.863,
      49.041,
      68.0,
      97.693,
      66.31,
      77.795,
      65.62,
      105.702
    ],
    [
      68.469,
      12.042,
      35.903,
      26.401,
      0.0,
      60.166,
      23.259,
      14.866,
      11.18,
      11.314,
      21.633,
      17.804,
      46.53,
      20.248,
      73.98,
      33.734,
      10.817,
      64.195,
      72.567,
      30.017,
      45.31,
      23.707,
      17.692,
      19.235,
      40.05,
      76.792,
      14.142,
      5.0,
      76.538,
      73.682,
      21.213,
      47.127,
      47.434,
      17.493,
      20.591,
      59.841,
      21.401,
      32.696,
      18.439,
      2.0,
      53.666,
      73.171,
      9.899,
      19.105,
      40.224,
      45.354,
      75.928,
      45.277,
      58.078,
      50.448,
      83.678
    ],
    [
      12.806,
      71.589,
      24.352,
      82.735,
      60.166,
      0.0,
      68.184,
      72.835,
      68.154,
      50.636,
      70.029,
      72.173,
      15.0,
      61.855,
      15.524,
      26.571,
      53.712,
      12.53,
      13.038,
      32.016,
      36.674,
      78.294,
      53.0,
      79.057,
      22.804,
      18.682,
      48.374,
      61.685,
      41.785,
      16.155,
      41.593,
      13.153,
      13.038,
      67.007,
      76.236,
      26.019,
      45.011,
      40.311,
      44.721,
      58.241,
      41.231,
      18.601,
      65.62,
      56.08,
      46.325,
      14.866,
      16.031,
      17.029,
      13.0,
      29.411,
      23.537
    ],
    [
      79.076,
      20.1,
      46.84,
      42.426,
      23.259,
      68.184,
      0.0,
      16.492,
      31.401,
      22.204,
      3.606,
      10.77,
      57.723,
      43.463,
      83.487,
      45.222,
      33.015,
      75.71,
      81.222,
      36.497,
      64.405,
      42.012,
      40.224,
      30.806,
      53.488,
      86.579,
      22.825,
      27.857,
      93.941,
      83.726,
      39.205,
      55.444,
      55.326,
      6.083,
      13.601,
      75.644,
      23.345,
      52.498,
      37.537,
      24.187,
      73.41,
      84.528,
      14.318,
      12.166,
      61.522,
      54.918,
      84.095,
      57.28,
      70.342,
      67.602,
      91.0
    ],
    [
      82.055,
      4.472,
      49.092,
      26.077,
      14.866,
      72.835,
      16.492,
      0.0,
      17.493,
      22.204,
      13.153,
      6.0,
      60.033,
      31.89,
      87.281,
      47.043,
      25.495,
      78.0,
      85.586,
      41.231,
      60.166,
      26.173,
      31.906,
      14.318,
      54.083,
      90.2,
      24.515,
      17.205,
      91.395,
      87.144,
      35.903,
      59.682,
      59.841,
      11.18,
      6.403,
      74.525,
      29.547,
      47.539,
      33.242,
      16.763,
      68.447,
      87.0,
      7.28,
      21.26,
      54.708,
      58.31,
      88.814,
      59.0,
      72.028,
      65.253,
      96.338
    ],
    [
      75.186,
      13.038,
      43.863,
      15.556,
      11.18,
      68.154,
      31.401,
      17.493,
      0.0,
      22.204,
      28.862,
      22.847,
      53.759,
      15.0,
      81.043,
      41.629,
      14.56,
      70.612,
      80.006,
      39.825,
      47.518,
      12.53,
      18.111,
      12.042,
      46.573,
      83.678,
      25.0,
      7.071,
      79.076,
      80.523,
      26.926,
      55.462,
      55.902,
      25.318,
      23.854,
      64.0,
      32.45,
      35.128,
      23.77,
      12.207,
      54.818,
      79.429,
      17.117,
      29.833,
      40.162,
      53.31,
      83.487,
      52.202,
      64.327,
      54.037,
      91.417
    ],
    [
      60.0,
      21.19,
      27.0,
      37.643,
      11.314,
      50.636,
      22.204,
      22.204,
      22.204,
      0.0,
      22.361,
      22.204,
      38.013,
      27.019,
      65.123,
      25.02,
      14.036,
      56.08,
      63.388,
      19.313,
      42.202,
      34.67,
      20.616,
      30.232,
      32.558,
      68.066,
      2.828,
      15.264,
      72.014,
      65.031,
      17.029,
      37.483,
      37.656,
      18.385,
      26.077,
      54.083,
      10.296,
      30.414,
      15.62,
      10.0,
      51.225,
      65.069,
      15.033,
      12.53,
      39.825,
      36.125,
      66.611,
      37.121,
      50.249,
      45.618,
      74.148
    ],
    [
      80.623,
      17.0,
      48.052,
      39.205,
      21.633,
      70.029,
      3.606,
      13.153,
      28.862,
      22.361,
      0.0,
      7.28,
      59.034,
      41.593,
      85.212,
      46.325,
      31.89,
      77.104,
      83.054,
      38.118,
      64.351,
      39.013,
      39.051,
      27.459,
      54.406,
      88.278,
      23.409,
      25.942,
      94.372,
      85.376,
      39.115,
      57.14,
      57.079,
      4.243,
      10.0,
      76.322,
      25.02,
      52.202,
      37.202,
      22.804,
      73.239,
      85.988,
      12.083,
      14.036,
      60.877,
      56.436,
      86.006,
      58.464,
      71.589,
      67.978,
      93.048
    ],
    [
      82.055,
      10.198,
      49.092,
      32.062,
      17.804,
      72.173,
      10.77,
      6.0,
      22.847,
      22.204,
      7.28,
      0.0,
      60.133,
      36.62,
      87.006,
      47.17,
      28.601,
      78.23,
      85.094,
      40.2,
      62.61,
      32.14,
      35.468,
      20.224,
      54.745,
      90.0,
      24.021,
      21.26,
      93.408,
      87.006,
      37.696,
      59.076,
      59.135,
      6.403,
      4.123,
      75.961,
      27.659,
      50.12,
      35.341,
      19.416,
      71.197,
      87.207,
      8.062,
      17.889,
      58.009,
      58.0,
      88.204,
      59.304,
      72.443,
      67.067,
      95.525
    ],
    [
      22.023,
      58.31,
      11.045,
      68.029,
      46.53,
      15.0,
      57.723,
      60.033,
      53.759,
      38.013,
      59.034,
      60.133,
      0.0,
      46.872,
      27.459,
      13.0,
      39.217,
      18.111,
      26.249,
      21.541,
      24.331,
      63.506,
      38.079,
      65.0,
      7.81,
      30.265,
      36.125,
      47.539,
      40.361,
      27.166,
      26.926,
      7.071,
      8.062,
      55.579,
      64.07,
      21.401,
      34.482,
      25.612,
      30.083,
      44.553,
      31.064,
      27.074,
      53.0,
      45.607,
      32.696,
      4.472,
      29.732,
      2.236,
      12.649,
      19.235,
      37.696
    ],
    [
      66.708,
      27.586,
      38.897,
      23.087,
      20.248,
      61.855,
      43.463,
      31.89,
      15.0,
      27.019,
      41.593,
      36.62,
      46.872,
      0.0,
      72.918,
      36.77,
      13.153,
      61.847,
      72.471,
      38.949,
      35.057,
      18.111,
      9.22,
      26.0,
      39.115,
      75.24,
      29.155,
      15.652,
      66.121,
      72.09,
      21.26,
      50.329,
      50.99,
      37.577,
      38.288,
      52.773,
      36.497,
      23.77,
      18.601,
      19.647,
      41.304,
      70.228,
      29.53,
      38.328,
      26.306,
      47.634,
      76.059,
      44.944,
      55.543,
      42.579,
      84.119
    ],
    [
      6.403,
      85.709,
      38.21,
      94.921,
      73.98,
      15.524,
      83.487,
      87.281,
      81.043,
      65.123,
      85.212,
      87.006,
      27.459,
      72.918,
      0.0,
      40.311,
      66.483,
      11.402,
      3.606,
      47.096,
      42.45,
      90.25,
      64.622,
      92.418,
      34.482,
      3.162,
      63.032,
      74.953,
      35.0,
      2.0,
      54.12,
      28.071,
      28.16,
      82.055,
      91.022,
      26.077,
      60.208,
      49.739,
      57.28,
      72.007,
      43.829,
      7.0,
      80.156,
      71.344,
      53.151,
      29.017,
      5.099,
      28.862,
      17.493,
      33.941,
      12.042
    ],
    [
      35.014,
      45.398,
      2.236,
      56.436,
      33.734,
      26.571,
      45.222,
      47.043,
      41.629,
      25.02,
      46.325,
      47.17,
      13.0,
      36.77,
      40.311,
      0.0,
      27.295,
      31.064,
      38.833,
      10.63,
      25.632,
      52.154,
      27.586,
      52.498,
      8.602,
      43.186,
      23.195,
      35.114,
      50.0,
      40.112,
      15.62,
      13.892,
      14.422,
      42.755,
      51.088,
      31.064,
      22.361,
      20.224,
      18.601,
      31.78,
      34.438,
      40.05,
      40.0,
      33.242,
      30.0,
      11.705,
      42.202,
      12.166,
      25.318,
      24.839,
      50.0
    ],
    [
      60.638,
      22.136,
      29.53,
      29.155,
      10.817,
      53.712,
      33.015,
      25.495,
      14.56,
      14.036,
      31.89,
      28.601,
      39.217,
      13.153,
      66.483,
      27.295,
      0.0,
      56.089,
      65.46,
      27.019,
      34.785,
      25.0,
      7.211,
      26.173,
      32.016,
      69.123,
      16.031,
      9.055,
      66.219,
      65.97,
      12.369,
      41.183,
      41.677,
      27.659,
      31.385,
      50.16,
      23.345,
      22.136,
      9.22,
      9.22,
      42.953,
      64.938,
      20.616,
      25.962,
      29.411,
      38.91,
      68.949,
      37.643,
      49.82,
      40.448,
      76.896
    ],
    [
      5.0,
      76.105,
      29.155,
      84.119,
      64.195,
      12.53,
      75.71,
      78.0,
      70.612,
      56.08,
      77.104,
      78.23,
      18.111,
      61.847,
      11.402,
      31.064,
      56.089,
      0.0,
      12.207,
      39.294,
      31.113,
      79.379,
      53.759,
      82.201,
      24.187,
      13.416,
      54.231,
      64.777,
      29.411,
      10.296,
      43.738,
      21.024,
      21.471,
      73.682,
      82.152,
      15.811,
      52.393,
      38.471,
      46.872,
      62.201,
      33.121,
      9.0,
      71.028,
      63.561,
      41.773,
      20.881,
      15.62,
      19.0,
      6.325,
      22.672,
      23.345
    ],
    [
      7.616,
      84.172,
      36.674,
      94.154,
      72.567,
      13.038,
      81.222,
      85.586,
      80.006,
      63.388,
      83.054,
      85.094,
      26.249,
      72.471,
      3.606,
      38.833,
      65.46,
      12.207,
      0.0,
      45.0,
      43.186,
      89.554,
      63.977,
      91.214,
      33.615,
      6.403,
      61.205,
      73.763,
      38.053,
      5.385,
      53.141,
      26.019,
      26.0,
      80.0,
      89.14,
      27.731,
      58.034,
      49.649,
      56.303,
      70.612,
      45.277,
      10.198,
      78.409,
      69.116,
      53.74,
      27.295,
      3.606,
      27.857,
      17.692,
      34.828,
      11.662
    ],
    [
      42.579,
      40.497,
      11.402,
      55.317,
      30.017,
      32.016,
      36.497,
      41.231,
      39.825,
      19.313,
      38.118,
      40.2,
      21.541,
      38.949,
      47.096,
      10.63,
      27.019,
      39.294,
      45.0,
      0.0,
      35.777,
      51.624,
      29.967,
      49.244,
      19.105,
      50.16,
      16.763,
      32.802,
      60.44,
      47.265,
      18.682,
      19.026,
      19.0,
      35.0,
      44.283,
      41.4,
      13.153,
      28.284,
      20.616,
      28.302,
      44.777,
      48.052,
      33.956,
      24.331,
      38.639,
      18.439,
      48.042,
      21.471,
      34.176,
      35.468,
      55.326
    ],
    [
      36.069,
      56.921,
      25.962,
      58.138,
      45.31,
      36.674,
      64.405,
      60.166,
      47.518,
      42.202,
      64.351,
      62.61,
      24.331,
      35.057,
      42.45,
      25.632,
      34.785,
      31.113,
      43.186,
      35.777,
      0.0,
      53.151,
      29.428,
      59.54,
      19.105,
      44.045,
      41.869,
      43.681,
      31.575,
      41.11,
      25.239,
      31.145,
      32.14,
      60.208,
      65.795,
      18.385,
      44.688,
      12.649,
      27.295,
      43.463,
      9.22,
      38.013,
      54.562,
      53.814,
      10.817,
      28.071,
      46.69,
      22.204,
      25.612,
      8.602,
      54.452
    ],
    [
      84.155,
      22.023,
      54.378,
      5.0,
      23.707,
      78.294,
      42.012,
      26.173,
      12.53,
      34.67,
      39.013,
      32.14,
      63.506,
      18.111,
      90.25,
      52.154,
      25.0,
      79.379,
      89.554,
      51.624,
      53.151,
      0.0,
      25.632,
      13.416,
      55.946,
      92.698,
      37.443,
      19.416,
      84.024,
      89.538,
      36.715,
      66.038,
      66.573,
      36.056,
      31.78,
      70.859,
      44.944,
      41.773,
      33.615,
      24.698,
      59.076,
      87.932,
      28.284,
      42.059,
      44.045,
      63.632,
      93.107,
      61.741,
      73.055,
      60.671,
      101.134
    ],
    [
      58.524,
      28.178,
      29.732,
      30.364,
      17.692,
      53.0,
      40.224,
      31.906,
      18.111,
      20.616,
      39.051,
      35.468,
      38.079,
      9.22,
      64.622,
      27.586,
      7.211,
      53.759,
      63.977,
      29.967,
      29.428,
      25.632,
      0.0,
      30.15,
      30.414,
      67.067,
      22.204,
      14.765,
      61.0,
      63.906,
      12.042,
      41.231,
      41.869,
      34.828,
      38.013,
      46.043,
      29.0,
      17.029,
      9.434,
      16.279,
      37.0,
      62.362,
      27.586,
      32.894,
      22.825,
      38.601,
      67.543,
      36.235,
      47.434,
      36.0,
      75.584
    ],
    [
      86.683,
      11.18,
      54.708,
      12.042,
      19.235,
      79.057,
      30.806,
      14.318,
      12.042,
      30.232,
      27.459,
      20.224,
      65.0,
      26.0,
      92.418,
      52.498,
      26.173,
      82.201,
      91.214,
      49.244,
      59.54,
      13.416,
      30.15,
      0.0,
      58.052,
      95.126,
      33.015,
      17.464,
      91.082,
      91.984,
      38.471,
      66.129,
      66.483,
      25.298,
      19.026,
      76.007,
      39.699,
      47.17,
      35.355,
      21.024,
      66.708,
      91.082,
      18.868,
      33.838,
      51.923,
      64.195,
      94.641,
      63.561,
      75.954,
      66.068,
      102.489
    ],
    [
      28.636,
      52.01,
      7.81,
      60.539,
      40.05,
      22.804,
      53.488,
      54.083,
      46.573,
      32.558,
      54.406,
      54.745,
      7.81,
      39.115,
      34.482,
      8.602,
      32.016,
      24.187,
      33.615,
      19.105,
      19.105,
      55.946,
      30.414,
      58.052,
      0.0,
      37.108,
      31.048,
      40.608,
      41.4,
      33.956,
      19.647,
      13.0,
      13.928,
      50.695,
      58.549,
      22.472,
      30.887,
      18.028,
      22.804,
      38.053,
      27.203,
      33.136,
      47.265,
      41.629,
      25.962,
      9.849,
      37.162,
      5.831,
      18.028,
      16.643,
      45.188
    ],
    [
      8.544,
      88.566,
      41.11,
      97.406,
      76.792,
      18.682,
      86.579,
      90.2,
      83.678,
      68.066,
      88.278,
      90.0,
      30.265,
      75.24,
      3.162,
      43.186,
      69.123,
      13.416,
      6.403,
      50.16,
      44.045,
      92.698,
      67.067,
      95.126,
      37.108,
      0.0,
      66.008,
      77.666,
      34.132,
      3.162,
      56.754,
      31.145,
      31.257,
      85.094,
      94.005,
      27.019,
      63.285,
      51.884,
      59.908,
      74.813,
      44.822,
      6.708,
      83.096,
      74.431,
      54.818,
      32.0,
      6.325,
      31.575,
      19.698,
      35.468,
      11.18
    ],
    [
      58.034,
      23.77,
      25.08,
      40.46,
      14.142,
      48.374,
      22.825,
      24.515,
      25.0,
      2.828,
      23.409,
      24.021,
      36.125,
      29.155,
      63.032,
      23.195,
      16.031,
      54.231,
      61.205,
      16.763,
      41.869,
      37.443,
      22.204,
      33.015,
      31.048,
      66.008,
      0.0,
      18.028,
      71.12,
      63.0,
      17.029,
      35.228,
      35.355,
      19.647,
      28.0,
      52.924,
      7.616,
      30.48,
      16.125,
      12.806,
      50.99,
      63.198,
      17.263,
      12.042,
      40.224,
      34.015,
      64.382,
      35.355,
      48.508,
      44.777,
      71.847
    ],
    [
      69.232,
      13.416,
      37.336,
      22.627,
      5.0,
      61.685,
      27.857,
      17.205,
      7.071,
      15.264,
      25.942,
      21.26,
      47.539,
      15.652,
      74.953,
      35.114,
      9.055,
      64.777,
      73.763,
      32.802,
      43.681,
      19.416,
      14.765,
      17.464,
      40.608,
      77.666,
      18.028,
      0.0,
      75.186,
      74.525,
      21.095,
      48.847,
      49.244,
      21.932,
      23.431,
      59.211,
      25.554,
      31.048,
      18.028,
      5.385,
      51.624,
      73.682,
      13.892,
      24.083,
      37.59,
      46.819,
      77.201,
      46.098,
      58.549,
      49.497,
      85.071
    ],
    [
      31.401,
      88.323,
      49.041,
      89.022,
      76.538,
      41.785,
      93.941,
      91.395,
      79.076,
      72.014,
      94.372,
      93.408,
      40.361,
      66.121,
      35.0,
      50.0,
      66.219,
      29.411,
      38.053,
      60.44,
      31.575,
      84.024,
      61.0,
      91.082,
      41.4,
      34.132,
      71.12,
      75.186,
      0.0,
      33.0,
      55.714,
      46.4,
      47.202,
      90.377,
      96.799,
      19.105,
      72.111,
      44.147,
      58.189,
      74.632,
      25.02,
      28.0,
      85.44,
      82.492,
      40.0,
      44.688,
      40.012,
      39.598,
      30.017,
      26.401,
      44.721
    ],
    [
      5.385,
      85.475,
      38.053,
      94.244,
      73.682,
      16.155,
      83.726,
      87.144,
      80.523,
      65.031,
      85.376,
      87.006,
      27.166,
      72.09,
      2.0,
      40.112,
      65.97,
      10.296,
      5.385,
      47.265,
      41.11,
      89.538,
      63.906,
      91.984,
      33.956,
      3.162,
      63.0,
      74.525,
      33.0,
      0.0,
      53.6,
      28.284,
      28.443,
      82.152,
      91.0,
      24.413,
      60.407,
      48.765,
      56.754,
      71.701,
      42.202,
      5.0,
      80.056,
      71.568,
      51.856,
      29.017,
      7.071,
      28.443,
      16.553,
      32.558,
      13.601
    ],
    [
      48.27,
      33.242,
      17.804,
      41.146,
      21.213,
      41.593,
      39.205,
      35.903,
      26.926,
      17.029,
      39.115,
      37.696,
      26.926,
      21.26,
      54.12,
      15.62,
      12.369,
      43.738,
      53.141,
      18.682,
      25.239,
      36.715,
      12.042,
      38.471,
      19.647,
      56.754,
      17.029,
      21.095,
      55.714,
      53.6,
      0.0,
      29.411,
      30.0,
      34.986,
      41.11,
      38.639,
      21.541,
      13.454,
      3.162,
      19.235,
      34.205,
      52.612,
      29.732,
      29.069,
      23.324,
      26.926,
      56.648,
      25.298,
      37.483,
      29.411,
      64.622
    ],
    [
      23.77,
      58.464,
      11.662,
      70.328,
      47.127,
      13.153,
      55.444,
      59.682,
      55.462,
      37.483,
      57.14,
      59.076,
      7.071,
      50.329,
      28.071,
      13.892,
      41.183,
      21.024,
      26.019,
      19.026,
      31.145,
      66.038,
      41.231,
      66.129,
      13.0,
      31.145,
      35.228,
      48.847,
      46.4,
      28.284,
      29.411,
      0.0,
      1.0,
      54.009,
      63.127,
      27.785,
      32.14,
      30.887,
      32.45,
      45.222,
      38.118,
      29.411,
      52.469,
      43.29,
      38.897,
      3.162,
      29.155,
      9.0,
      17.029,
      26.306,
      36.674
    ],
    [
      24.042,
      58.694,
      12.207,
      70.831,
      47.434,
      13.038,
      55.326,
      59.841,
      55.902,
      37.656,
      57.079,
      59.135,
      8.062,
      50.99,
      28.16,
      14.422,
