{
  "patients": [
    {
      "id": "p1",
      "location": [
        47.0,
        32.0
      ],
      "time_window": [
        345.0,
        465.0
      ],
      "required_caregivers": [
        {
          "service": "s4",
          "duration": 14.0
        }
      ]
    },
    {
      "id": "p2",
      "location": [
        54.0,
        44.0
      ],
      "time_window": [
        268.0,
        388.0
      ],
      "required_caregivers": [
        {
          "service": "s5",
          "duration": 14.0
        }
      ]
    },
    {
      "id": "p3",
      "location": [
        34.0,
        25.0
      ],
      "time_window": [
        247.0,
        367.0
      ],
      "required_caregivers": [
        {
          "service": "s2",
          "duration": 14.0
        }
      ]
    },
    {
      "id": "p4",
      "location": [
        78.0,
        44.0
      ],
      "time_window": [
        393.0,
        513.0
      ],
      "required_caregivers": [
        {
          "service": "s4",
          "duration": 14.0
        }
      ]
    },
    {
      "id": "p5",
      "location": [
        69.0,
        24.0
      ],
      "time_window": [
        254.0,
        374.0
      ],
      "required_caregivers": [
        {
          "service": "s3",
          "duration": 14.0
        }
      ]
    },
    {
      "id": "p6",
      "location": [
        17.0,
        8.0
      ],
      "time_window": [
        184.0,
        304.0
      ],
      "required_caregivers": [
        {
          "service": "s5",
          "duration": 14.0
        }
      ]
    },
    {
      "id": "p7",
      "location": [
        62.0,
        43.0
      ],
      "time_window": [
        434.0,
        554.0
      ],
      "required_caregivers": [
        {
          "service": "s3",
          "duration": 14.0
        }
      ]
    },
    {
      "id": "p8",
      "location": [
        92.0,
        3.0
      ],
      "time_window": [
        46.0,
        166.0
      ],
      "required_caregivers": [
        {
          "service": "s5",
          "duration": 14.0
        }
      ]
    },
    {
      "id": "p9",
      "location": [
        96.0,
        47.0
      ],
      "time_window": [
        298.0,
        418.0
      ],
      "required_caregivers": [
        {
          "service": "s5",
          "duration": 14.0
        }
      ]
    },
    {
      "id": "p10",
      "location": [
        76.0,
        17.0
      ],
      "time_window": [
        148.0,
        268.0
      ],
      "required_caregivers": [
        {
          "service": "s5",
          "duration": 14.0
        }
      ]
    },
    {
      "id": "p11",
      "location": [
        10.0,
        30.0
      ],
      "time_window": [
        409.0,
        529.0
      ],
      "required_caregivers": [
        {
          "service": "s2",
          "duration": 14.0
        }
      ]
    },
    {
      "id": "p12",
      "location": [
        74.0,
        1.0
      ],
      "time_window": [
        73.0,
        193.0
      ],
      "required_caregivers": [
        {
          "service": "s2",
          "duration": 14.0
        }
      ]
    },
    {
      "id": "p13",
      "location": [
        98.0,
        33.0
      ],
      "time_window": [
        157.0,
        277.0
      ],
      "required_caregivers": [
        {
          "service": "s2",
          "duration": 14.0
        }
      ]
    },
    {
      "id": "p14",
      "location": [
        37.0,
        7.0
      ],
      "time_window": [
        63.0,
        183.0
      ],
      "required_caregivers": [
        {
          "service": "s4",
          "duration": 14.0
        }
      ]
    },
    {
      "id": "p15",
      "location": [
        5.0,
        16.0
      ],
      "time_window": [
        282.0,
        402.0
      ],
      "required_caregivers": [
        {
          "service": "s1",
          "duration": 14.0
        }
      ]
    },
    {
      "id": "p16",
      "location": [
        0.0,
        27.0
      ],
      "time_window": [
        274.0,
        394.0
      ],
      "required_caregivers": [
        {
          "service": "s5",
          "duration": 14.0
        }
      ]
    },
    {
      "id": "p17",
      "location": [
        63.0,
        45.0
      ],
      "time_window": [
        152.0,
        272.0
      ],
      "required_caregivers": [
        {
          "service": "s3",
          "duration": 14.0
        }
      ]
    },
    {
      "id": "p18",
      "location": [
        89.0,
        0.0
      ],
      "time_window": [
        222.0,
        342.0
      ],
      "required_caregivers": [
        {
          "service": "s1",
          "duration": 14.0
        }
      ]
    },
    {
      "id": "p19",
      "location": [
        75.0,
        19.0
      ],
      "time_window": [
        276.0,
        396.0
      ],
      "required_caregivers": [
        {
          "service": "s1",
          "duration": 14.0
        }
      ]
    },
    {
      "id": "p20",
      "location": [
        15.0,
        8.0
      ],
      "time_window": [
        29.0,
        149.0
      ],
      "required_caregivers": [
        {
          "service": "s6",
          "duration": 14.0
        }
      ]
    },
    {
      "id": "p21",
      "location": [
        77.0,
        3.0
      ],
      "time_window": [
        416.0,
        536.0
      ],
      "required_caregivers": [
        {
          "service": "s3",
          "duration": 14.0
        }
      ]
    },
    {
      "id": "p22",
      "location": [
        77.0,
        40.0
      ],
      "time_window": [
        332.0,
        452.0
      ],
      "required_caregivers": [
        {
          "service": "s3",
          "duration": 14.0
        }
      ]
    },
    {
      "id": "p23",
      "location": [
        20.0,
        26.0
      ],
      "time_window": [
        190.0,
        310.0
      ],
      "required_caregivers": [
        {
          "service": "s5",
          "duration": 14.0
        }
      ]
    },
    {
      "id": "p24",
      "location": [
        0.0,
        16.0
      ],
      "time_window": [
        59.0,
        179.0
      ],
      "required_caregivers": [
        {
          "service": "s6",
          "duration": 14.0
        }
      ]
    },
    {
      "id": "p25",
      "location": [
        52.0,
        46.0
      ],
      "time_window": [
        434.0,
        554.0
      ],
      "required_caregivers": [
        {
          "service": "s3",
          "duration": 14.0
        }
      ]
    },
    {
      "id": "p26",
      "location": [
        76.0,
        21.0
      ],
      "time_window": [
        239.0,
        359.0
      ],
      "required_caregivers": [
        {
          "service": "s6",
          "duration": 14.0
        }
      ]
    },
    {
      "id": "p27",
      "location": [
        36.0,
        49.0
      ],
      "time_window": [
        178.0,
        298.0
      ],
      "required_caregivers": [
        {
          "service": "s5",
          "duration": 14.0
        }
      ]
    },
    {
      "id": "p28",
      "location": [
        58.0,
        34.0
      ],
      "time_window": [
        473.0,
        593.0
      ],
      "required_caregivers": [
        {
          "service": "s6",
          "duration": 14.0
        }
      ]
    },
    {
      "id": "p29",
      "location": [
        4.0,
        19.0
      ],
      "time_window": [
        477.0,
        597.0
      ],
      "required_caregivers": [
        {
          "service": "s4",
          "duration": 14.0
        }
      ]
    },
    {
      "id": "p30",
      "location": [
        0.0,
        28.0
      ],
      "time_window": [
        422.0,
        542.0
      ],
      "required_caregivers": [
        {
          "service": "s3",
          "duration": 14.0
        }
      ]
    },
    {
      "id": "p31",
      "location": [
        86.0,
        21.0
      ],
      "time_window": [
        85.0,
        205.0
      ],
      "required_caregivers": [
        {
          "service": "s2",
          "duration": 14.0
        }
      ]
    },
    {
      "id": "p32",
      "location": [
        98.0,
        0.0
      ],
      "time_window": [
        454.0,
        574.0
      ],
      "required_caregivers": [
        {
          "service": "s5",
          "duration": 14.0
        }
      ]
    },
    {
      "id": "p33",
      "location": [
        8.0,
        5.0
      ],
      "time_window": [
        0.0,
        120.0
      ],
      "required_caregivers": [
        {
          "service": "s1",
          "duration": 14.0
        }
      ]
    },
    {
      "id": "p34",
      "location": [
        65.0,
        45.0
      ],
      "time_window": [
        286.0,
        406.0
      ],
      "required_caregivers": [
        {
          "service": "s5",
          "duration": 14.0
        }
      ]
    },
    {
      "id": "p35",
      "location": [
        59.0,
        6.0
      ],
      "time_window": [
        323.0,
        443.0
      ],
      "required_caregivers": [
        {
          "service": "s6",
          "duration": 14.0
        }
      ]
    },
    {
      "id": "p36",
      "location": [
        15.0,
        14.0
      ],
      "time_window": [
        435.0,
        555.0
      ],
      "required_caregivers": [
        {
          "service": "s5",
          "duration": 14.0
        },
        {
          "service": "s6",
          "duration": 14.0
        }
      ],
      "synchronization": {
        "type": "simultaneous"
      }
    },
    {
      "id": "p37",
      "location": [
        22.0,
        41.0
      ],
      "time_window": [
        129.0,
        249.0
      ],
      "required_caregivers": [
        {
          "service": "s5",
          "duration": 14.0
        },
        {
          "service": "s6",
          "duration": 14.0
        }
      ],
      "synchronization": {
        "type": "simultaneous"
      }
    },
    {
      "id": "p38",
      "location": [
        92.0,
        16.0
      ],
      "time_window": [
        420.0,
        540.0
      ],
      "required_caregivers": [
        {
          "service": "s4",
          "duration": 14.0
        },
        {
          "service": "s5",
          "duration": 14.0
        }
      ],
      "synchronization": {
        "type": "simultaneous"
      }
    },
    {
      "id": "p39",
      "location": [
        1.0,
        36.0
      ],
      "time_window": [
        315.0,
        435.0
      ],
      "required_caregivers": [
        {
          "service": "s5",
          "duration": 14.0
        },
        {
          "service": "s6",
          "duration": 14.0
        }
      ],
      "synchronization": {
        "type": "simultaneous"
      }
    },
    {
      "id": "p40",
      "location": [
        88.0,
        38.0
      ],
      "time_window": [
        434.0,
        554.0
      ],
      "required_caregivers": [
        {
          "service": "s4",
          "duration": 14.0
        },
        {
          "service": "s6",
          "duration": 14.0
        }
      ],
      "synchronization": {
        "type": "simultaneous"
      }
    },
    {
      "id": "p41",
      "location": [
        41.0,
        28.0
      ],
      "time_window": [
        295.0,
        415.0
      ],
      "required_caregivers": [
        {
          "service": "s5",
          "duration": 14.0
        },
        {
          "service": "s6",
          "duration": 14.0
        }
      ],
      "synchronization": {
        "type": "simultaneous"
      }
    },
    {
      "id": "p42",
      "location": [
        85.0,
        11.0
      ],
      "time_window": [
        20.0,
        140.0
      ],
      "required_caregivers": [
        {
          "service": "s5",
          "duration": 14.0
        },
        {
          "service": "s6",
          "duration": 14.0
        }
      ],
      "synchronization": {
        "type": "simultaneous"
      }
    },
    {
      "id": "p43",
      "location": [
        79.0,
        12.0
      ],
      "time_window": [
        37.0,
        157.0
      ],
      "required_caregivers": [
        {
          "service": "s3",
          "duration": 14.0
        },
        {
          "service": "s4",
          "duration": 14.0
        }
      ],
      "synchronization": {
        "type": "sequential",
        "distance": [
          19,
          38
        ]
      }
    },
    {
      "id": "p44",
      "location": [
        59.0,
        13.0
      ],
      "time_window": [
        417.0,
        537.0
      ],
      "required_caregivers": [
        {
          "service": "s2",
          "duration": 14.0
        },
        {
          "service": "s5",
          "duration": 14.0
        }
      ],
      "synchronization": {
        "type": "sequential",
        "distance": [
          46,
          92
        ]
      }
    },
    {
      "id": "p45",
      "location": [
        17.0,
        40.0
      ],
      "time_window": [
        117.0,
        237.0
      ],
      "required_caregivers": [
        {
          "service": "s1",
          "duration": 14.0
        },
        {
          "service": "s5",
          "duration": 14.0
        }
      ],
      "synchronization": {
        "type": "sequential",
        "distance": [
          19,
          38
        ]
      }
    },
    {
      "id": "p46",
      "location": [
        74.0,
        29.0
      ],
      "time_window": [
        432.0,
        552.0
      ],
      "required_caregivers": [
        {
          "service": "s1",
          "duration": 14.0
        },
        {
          "service": "s6",
          "duration": 14.0
        }
      ],
      "synchronization": {
        "type": "sequential",
        "distance": [
          50,
          100
        ]
      }
    },
    {
      "id": "p47",
      "location": [
        53.0,
        45.0
      ],
      "time_window": [
        60.0,
        180.0
      ],
      "required_caregivers": [
        {
          "service": "s2",
          "duration": 14.0
        },
        {
          "service": "s6",
          "duration": 14.0
        }
      ],
      "synchronization": {
        "type": "sequential",
        "distance": [
          15,
          30
        ]
      }
    },
    {
      "id": "p48",
      "location": [
        1.0,
        42.0
      ],
      "time_window": [
        288.0,
        408.0
      ],
      "required_caregivers": [
        {
          "service": "s3",
          "duration": 14.0
        },
        {
          "service": "s5",
          "duration": 14.0
        }
      ],
      "synchronization": {
        "type": "sequential",
        "distance": [
          19,
          38
        ]
      }
    },
    {
      "id": "p49",
      "location": [
        36.0,
        13.0
      ],
      "time_window": [
        100.0,
        220.0
      ],
      "required_caregivers": [
        {
          "service": "s2",
          "duration": 14.0
        },
        {
          "service": "s5",
          "duration": 14.0
        }
      ],
      "synchronization": {
        "type": "sequential",
        "distance": [
          56,
          112
        ]
      }
    },
    {
      "id": "p50",
      "location": [
        0.0,
        0.0
      ],
      "time_window": [
        77.0,
        197.0
      ],
      "required_caregivers": [
        {
          "service": "s2",
          "duration": 14.0
        },
        {
          "service": "s4",
          "duration": 14.0
        }
      ],
      "synchronization": {
        "type": "sequential",
        "distance": [
          46,
          92
        ]
      }
    }
  ],
  "services": [
    {
      "id": "s1",
      "default_duration": 14.0
    },
    {
      "id": "s2",
      "default_duration": 14.0
    },
    {
      "id": "s3",
      "default_duration": 14.0
    },
    {
      "id": "s4",
      "default_duration": 14.0
    },
    {
      "id": "s5",
      "default_duration": 14.0
    },
    {
      "id": "s6",
      "default_duration": 14.0
    }
  ],
  "caregivers": [
    {
      "id": "c1",
      "abilities": [
        "s1",
        "s2"
      ]
    },
    {
      "id": "c2",
      "abilities": [
        "s3"
      ]
    },
    {
      "id": "c3",
      "abilities": [
        "s3"
      ]
    },
    {
      "id": "c4",
      "abilities": [
        "s4",
        "s5",
        "s6"
      ]
    },
    {
      "id": "c5",
      "abilities": [
        "s5",
        "s6"
      ]
    },
    {
      "id": "c6",
      "abilities": [
        "s5",
        "s6"
      ]
    },
    {
      "id": "c7",
      "abilities": [
        "s4",
        "s5",
        "s6"
      ]
    },
    {
      "id": "c8",
      "abilities": [
        "s6"
      ]
    },
    {
      "id": "c9",
      "abilities": [
        "s4",
        "s5",
        "s6"
      ]
    },
    {
      "id": "c10",
      "abilities": [
        "s4",
        "s5",
        "s6"
      ]
    }
  ],
  "central_offices": [
    {
      "id": "d",
      "location": [
        85.0,
        24.0
      ]
    }
  ],
  "distances": [
    [
      0.0,
      38.833,
      36.892,
      51.01,
      21.19,
      16.0,
      69.857,
      29.833,
      22.136,
      25.495,
      11.402,
      75.24,
      25.495,
      15.811,
      50.922,
      80.399,
      85.053,
      30.414,
      24.331,
      11.18,
      71.805,
      22.472,
      17.889,
      65.031,
      85.376,
      39.661,
      9.487,
      55.009,
      28.792,
      81.154,
      85.094,
      3.162,
      27.295,
      79.31,
      29.0,
      31.623,
      70.711,
      65.253,
      10.63,
      84.853,
      14.318,
      44.181,
      13.0,
      13.416,
      28.231,
      69.857,
      12.083,
      38.275,
      85.907,
      50.22,
      88.323
    ],
    [
      38.833,
      0.0,
      13.892,
      14.765,
      33.242,
      23.409,
      38.419,
      18.601,
      53.535,
      51.245,
      32.65,
      37.054,
      41.11,
      51.01,
      26.926,
      44.944,
      47.265,
      20.616,
      52.802,
      30.871,
      40.0,
      41.725,
      31.048,
      27.659,
      49.649,
      14.866,
      31.016,
      20.248,
      11.18,
      44.922,
      47.17,
      40.522,
      60.208,
      47.434,
      22.204,
      28.636,
      36.715,
      26.571,
      47.76,
      46.174,
      41.437,
      7.211,
      43.417,
      37.736,
      22.472,
      31.048,
      27.166,
      14.318,
      47.074,
      21.954,
      56.859
    ],
    [
      36.892,
      13.892,
      0.0,
      27.586,
      24.0,
      25.0,
      51.624,
      8.062,
      55.902,
      42.107,
      34.828,
      46.174,
      47.424,
      45.354,
      40.719,
      56.436,
      56.613,
      9.055,
      56.223,
      32.65,
      53.075,
      47.011,
      23.345,
      38.471,
      60.828,
      2.828,
      31.828,
      18.682,
      10.77,
      55.902,
      56.321,
      39.408,
      62.225,
      60.308,
      11.045,
      38.328,
      49.204,
      32.14,
      47.202,
      53.6,
      34.525,
      20.616,
      45.277,
      40.608,
      31.401,
      37.216,
      25.0,
      1.414,
      53.038,
      35.847,
      69.656
    ],
    [
      51.01,
      14.765,
      27.586,
      0.0,
      47.927,
      35.014,
      24.042,
      33.287,
      62.032,
      65.788,
      42.755,
      24.515,
      46.648,
      64.498,
      18.248,
      30.364,
      34.059,
      35.228,
      60.415,
      41.437,
      25.495,
      48.301,
      45.541,
      14.036,
      35.171,
      27.659,
      42.19,
      24.083,
      25.632,
      30.594,
      34.132,
      52.154,
      68.71,
      32.802,
      36.892,
      31.401,
      21.954,
      20.0,
      58.694,
      34.785,
      55.543,
      7.616,
      52.887,
      46.84,
      27.731,
      22.672,
      40.2,
      27.586,
      37.121,
      12.166,
      42.202
    ],
    [
      21.19,
      33.242,
      24.0,
      47.927,
      0.0,
      21.932,
      70.831,
      16.031,
      43.324,
      18.248,
      27.074,
      69.426,
      43.186,
      22.825,
      55.227,
      78.186,
      79.831,
      15.033,
      45.354,
      25.179,
      72.56,
      41.012,
      4.123,
      60.729,
      82.873,
      26.077,
      23.087,
      42.297,
      22.361,
      78.109,
      79.624,
      24.352,
      48.332,
      80.131,
      13.038,
      42.485,
      69.778,
      56.08,
      31.305,
      77.414,
      11.662,
      40.311,
      33.734,
      32.016,
      36.359,
      61.131,
      15.524,
      25.02,
      77.026,
      52.202,
      89.554
    ],
    [
      16.0,
      23.409,
      25.0,
      35.014,
      21.932,
      0.0,
      54.406,
      20.248,
      31.145,
      35.468,
      9.899,
      59.304,
      23.537,
      30.364,
      36.235,
      64.498,
      69.065,
      21.84,
      31.241,
      7.81,
      56.321,
      22.472,
      17.889,
      49.041,
      69.462,
      27.803,
      7.616,
      41.4,
      14.866,
      65.192,
      69.116,
      17.263,
      37.643,
      63.891,
      21.378,
      20.591,
      54.918,
      49.98,
      24.352,
      69.051,
      23.601,
      28.284,
      20.616,
      15.62,
      14.866,
      54.406,
      7.071,
      26.401,
      70.342,
      34.785,
      73.055
    ],
    [
      69.857,
      38.419,
      51.624,
      24.042,
      70.831,
      54.406,
      0.0,
      57.009,
      75.166,
      88.102,
      59.682,
      23.087,
      57.428,
      84.77,
      20.025,
      14.422,
      25.495,
      59.034,
      72.443,
      59.034,
      2.0,
      60.208,
      68.0,
      18.248,
      18.788,
      51.662,
      60.415,
      45.188,
      48.549,
      17.029,
      26.249,
      70.214,
      81.394,
      9.487,
      60.605,
      42.048,
      6.325,
      33.377,
      75.425,
      32.249,
      77.078,
      31.241,
      68.066,
      62.129,
      42.297,
      32.0,
      60.745,
      51.624,
      37.577,
      19.647,
      18.788
    ],
    [
      29.833,
      18.601,
      8.062,
      33.287,
      16.031,
      20.248,
      57.009,
      0.0,
      50.0,
      34.234,
      29.53,
      53.6,
      43.681,
      37.363,
      43.829,
      63.071,
      64.031,
      2.236,
      50.774,
      27.295,
      58.6,
      42.72,
      15.297,
      45.31,
      67.624,
      10.44,
      26.077,
      26.683,
      9.849,
      62.769,
      63.789,
      32.558,
      56.08,
      66.03,
      3.606,
      37.121,
      55.227,
      40.05,
      40.361,
      61.4,
      26.476,
      25.807,
      39.408,
      35.355,
      30.15,
      45.1,
      18.439,
      9.22,
      61.008,
      39.699,
      75.452
    ],
    [
      22.136,
      53.535,
      55.902,
      62.032,
      43.324,
      31.145,
      75.166,
      50.0,
      0.0,
      44.181,
      21.26,
      86.331,
      18.111,
      30.594,
      55.145,
      87.966,
      95.079,
      51.039,
      4.243,
      23.345,
      77.162,
      15.0,
      39.925,
      75.584,
      92.914,
      58.728,
      24.083,
      72.471,
      46.011,
      89.443,
      95.336,
      18.974,
      6.708,
      84.024,
      49.93,
      33.136,
      77.782,
      79.649,
      13.0,
      96.799,
      35.228,
      56.798,
      10.63,
      15.811,
      34.482,
      83.63,
      31.623,
      57.315,
      99.005,
      56.886,
      92.049
    ],
    [
      25.495,
      51.245,
      42.107,
      65.788,
      18.248,
      35.468,
      88.102,
      34.234,
      44.181,
      0.0,
      36.056,
      87.664,
      50.99,
      14.142,
      71.281,
      96.135,
      98.061,
      33.061,
      47.518,
      35.0,
      89.9,
      47.927,
      20.248,
      78.848,
      100.881,
      44.011,
      32.802,
      60.033,
      40.162,
      96.167,
      97.862,
      27.857,
      47.043,
      97.509,
      31.064,
      55.227,
      87.464,
      74.243,
      31.257,
      95.635,
      12.042,
      58.189,
      37.643,
      38.91,
      50.249,
      79.31,
      28.425,
      43.046,
      95.131,
      68.964,
      106.888
    ],
    [
      11.402,
      32.65,
      34.828,
      42.755,
      27.074,
      9.899,
      59.682,
      29.53,
      21.26,
      36.056,
      0.0,
      67.268,
      16.125,
      27.203,
      40.262,
      71.007,
      76.655,
      30.871,
      21.401,
      2.236,
      61.66,
      14.036,
      23.022,
      56.719,
      76.007,
      37.643,
      4.0,
      51.225,
      24.759,
      72.028,
      76.792,
      10.77,
      27.803,
      69.051,
      30.083,
      20.248,
      61.074,
      59.093,
      16.031,
      77.369,
      24.187,
      36.688,
      10.817,
      5.831,
      17.464,
      63.325,
      12.166,
      36.235,
      79.057,
      40.2,
      77.878
    ],
    [
      75.24,
      37.054,
      46.174,
      24.515,
      69.426,
      59.304,
      23.087,
      53.6,
      86.331,
      87.664,
      67.268,
      0.0,
      70.264,
      88.051,
      35.468,
      14.866,
      10.44,
      55.082,
      84.504,
      65.924,
      22.561,
      72.236,
      67.742,
      10.77,
      17.205,
      44.944,
      66.611,
      32.202,
      48.166,
      12.53,
      10.198,
      76.531,
      92.973,
      25.08,
      57.009,
      54.562,
      16.763,
      16.279,
      83.187,
      10.817,
      78.409,
      31.064,
      77.369,
      71.309,
      51.865,
      12.207,
      64.008,
      45.541,
      15.0,
      31.064,
      31.623
    ],
    [
      25.495,
      41.11,
      47.424,
      46.648,
      43.186,
      23.537,
      57.428,
      43.681,
      18.111,
      50.99,
      16.125,
      70.264,
      0.0,
      40.0,
      37.483,
      70.612,
      78.435,
      45.354,
      15.033,
      18.028,
      59.414,
      3.606,
      39.115,
      59.506,
      75.505,
      50.09,
      20.1,
      61.221,
      36.674,
      72.277,
      78.772,
      23.324,
      24.021,
      66.121,
      44.911,
      15.811,
      60.415,
      65.605,
      23.431,
      80.957,
      39.56,
      42.638,
      14.866,
      12.083,
      19.209,
      69.065,
      28.0,
      48.754,
      83.726,
      39.85,
      74.007
    ],
    [
      15.811,
      51.01,
      45.354,
      64.498,
      22.825,
      30.364,
      84.77,
      37.363,
      30.594,
      14.142,
      27.203,
      88.051,
      40.0,
      0.0,
      66.31,
      94.541,
      98.184,
      37.0,
      34.205,
      26.926,
      86.683,
      36.62,
      22.136,
      78.313,
      99.464,
      47.802,
      25.06,
      64.031,
      40.012,
      95.037,
      98.127,
      16.971,
      33.0,
      94.255,
      35.114,
      47.434,
      85.147,
      76.42,
      18.028,
      97.046,
      11.18,
      57.219,
      25.554,
      28.32,
      43.829,
      81.302,
      24.331,
      46.573,
      97.417,
      65.146,
      103.407
    ],
    [
      50.922,
      26.926,
      40.719,
      18.248,
      55.227,
      36.235,
      20.025,
      43.829,
      55.145,
      71.281,
      40.262,
      35.468,
      37.483,
      66.31,
      0.0,
      33.242,
      42.059,
      46.043,
      52.469,
      39.85,
      22.023,
      40.2,
      51.856,
      25.495,
      38.079,
      41.785,
      41.437,
      42.012,
      34.205,
      35.114,
      42.544,
      50.961,
      61.4,
      29.069,
      47.202,
      22.023,
      23.087,
      37.162,
      55.732,
      46.228,
      59.682,
      21.378,
      48.166,
      42.297,
      22.804,
      38.588,
      43.046,
      41.231,
      50.21,
      6.083,
      37.656
    ],
    [
      80.399,
      44.944,
      56.436,
      30.364,
      78.186,
      64.498,
      14.422,
      63.071,
      87.966,
      96.135,
      71.007,
      14.866,
      70.612,
      94.541,
      33.242,
      0.0,
      12.083,
      64.846,
      85.51,
      70.064,
      12.806,
      73.164,
      75.895,
      18.028,
      5.0,
      55.758,
      71.176,
      45.277,
      55.973,
      3.162,
      13.0,
      81.154,
      94.366,
      11.402,
      66.641,
      54.918,
      10.198,
      30.232,
      87.0,
      20.396,
      85.866,
      37.947,
      80.156,
      74.108,
      54.083,
      26.833,
      70.214,
      56.08,
      26.306,
      31.145,
      16.763
    ],
    [
      85.053,
      47.265,
      56.613,
      34.059,
      79.831,
      69.065,
      25.495,
      64.031,
      95.079,
      98.061,
      76.655,
      10.44,
      78.435,
      98.184,
      42.059,
      12.083,
      0.0,
      65.521,
      93.005,
      75.425,
      24.207,
      80.654,
      78.09,
      20.025,
      11.0,
      55.362,
      76.236,
      42.19,
      58.421,
      8.944,
      1.0,
      86.209,
      101.651,
      23.409,
      67.446,
      62.626,
      19.849,
      26.077,
      92.655,
      9.055,
      88.685,
      41.012,
      86.493,
      80.411,
      60.638,
      21.401,
      74.027,
      55.973,
      15.033,
      38.626,
      27.0
    ],
    [
      30.414,
      20.616,
      9.055,
      35.228,
      15.033,
      21.84,
      59.034,
      2.236,
      51.039,
      33.061,
      30.871,
      55.082,
      45.354,
      37.0,
      46.043,
      64.846,
      65.521,
      0.0,
      51.971,
      28.636,
      60.605,
      44.272,
      14.866,
      47.011,
      69.354,
      11.045,
      27.295,
      27.295,
      12.083,
      64.475,
      65.253,
      33.242,
      57.009,
      68.007,
      2.0,
      39.205,
      57.14,
      41.195,
      41.012,
      62.65,
      25.962,
      27.803,
      40.497,
      36.674,
      32.249,
      46.271,
      19.416,
      10.0,
      62.073,
      41.869,
      77.421
    ],
    [
      24.331,
      52.802,
      56.223,
      60.415,
      45.354,
      31.241,
      72.443,
      50.774,
      4.243,
      47.518,
      21.401,
      84.504,
      15.033,
      34.205,
      52.469,
      85.51,
      93.005,
      51.971,
      0.0,
      23.601,
      74.431,
      12.369,
      41.761,
      73.736,
      90.427,
      59.034,
      24.698,
      72.18,
      46.011,
      87.098,
      93.301,
      21.213,
      9.0,
      81.154,
      51.0,
      30.594,
      75.313,
      78.549,
      16.279,
      95.079,
      38.013,
      55.57,
      11.705,
      15.62,
      32.696,
      82.365,
      32.65,
      57.628,
      97.509,
      54.571,
      89.0
    ],
    [
      11.18,
      30.871,
      32.65,
      41.437,
      25.179,
      7.81,
      59.034,
      27.295,
      23.345,
      35.0,
      2.236,
      65.924,
      18.028,
      26.926,
      39.85,
      70.064,
      75.425,
      28.636,
      23.601,
      0.0,
      61.0,
      16.125,
      21.095,
      55.444,
      75.06,
      35.468,
      2.236,
      49.204,
      22.672,
      71.0,
      75.538,
      11.18,
      29.833,
      68.447,
      27.857,
      20.616,
      60.208,
      57.385,
      17.263,
      75.928,
      23.022,
      35.171,
      12.806,
      8.062,
      17.088,
      61.685,
      10.05,
      34.059,
      77.492,
      39.459,
      77.369
    ],
    [
      71.805,
      40.0,
      53.075,
      25.495,
      72.56,
      56.321,
      2.0,
      58.6,
      77.162,
      89.9,
      61.66,
      22.561,
      59.414,
      86.683,
      22.023,
      12.806,
      24.207,
      60.605,
      74.431,
      61.0,
      0.0,
      62.201,
      69.771,
      18.682,
      17.0,
      53.038,
      62.37,
      46.065,
      50.249,
      15.556,
      25.0,
      72.18,
      83.385,
      7.616,
      62.201,
      44.045,
      6.0,
      33.734,
      77.414,
      31.305,
      78.924,
      32.802,
      70.064,
      64.125,
      44.283,
      32.062,
      62.626,
      53.038,
      36.77,
      21.587,
      17.0
    ],
    [
      22.472,
      41.725,
      47.011,
      48.301,
      41.012,
      22.472,
      60.208,
      42.72,
      15.0,
      47.927,
      14.036,
      72.236,
      3.606,
      36.62,
      40.2,
      73.164,
      80.654,
      44.272,
      12.369,
      16.125,
      62.201,
      0.0,
      37.0,
      61.465,
      78.09,
      49.739,
      18.028,
      61.62,
      36.359,
      74.733,
      80.957,
      20.125,
      21.213,
      69.029,
      43.681,
      18.248,
      62.968,
      66.851,
      19.849,
      82.855,
      36.688,
      43.829,
      11.314,
      9.22,
      20.591,
      70.491,
      26.173,
      48.374,
      85.422,
      42.202,
      77.058
    ],
    [
      17.889,
      31.048,
      23.345,
      45.541,
      4.123,
      17.889,
      68.0,
      15.297,
      39.925,
      20.248,
      23.022,
      67.742,
      39.115,
      22.136,
      51.856,
      75.895,
      78.09,
      14.866,
      41.761,
      21.095,
      69.771,
      37.0,
      0.0,
      58.694,
      80.654,
      25.71,
      19.026,
      41.976,
      19.925,
      75.961,
      77.929,
      21.024,
      45.177,
      77.369,
      13.0,
      38.471,
      67.231,
      55.009,
      28.302,
      76.105,
      11.18,
      37.947,
      30.083,
      28.071,
      32.45,
      60.0,
      11.402,
      24.515,
      76.026,
      49.092,
      86.77
    ],
    [
      65.031,
      27.659,
      38.471,
      14.036,
      60.729,
      49.041,
      18.248,
      45.31,
      75.584,
      78.848,
      56.719,
      10.77,
      59.506,
      78.313,
      25.495,
      18.028,
      20.025,
      47.011,
      73.736,
      55.444,
      18.682,
      61.465,
      58.694,
      0.0,
      22.361,
      37.736,
      56.223,
      28.018,
      38.833,
      17.464,
      20.1,
      66.189,
      82.219,
      24.187,
      48.847,
      43.829,
      13.0,
      15.133,
      72.691,
      21.471,
      69.051,
      21.095,
      66.708,
      60.638,
      41.11,
      14.318,
      54.083,
      38.079,
      24.839,
      20.616,
      32.802
    ],
    [
      85.376,
      49.649,
      60.828,
      35.171,
      82.873,
      69.462,
      18.788,
      67.624,
      92.914,
      100.881,
      76.007,
      17.205,
      75.505,
      99.464,
      38.079,
      5.0,
      11.0,
      69.354,
      90.427,
      75.06,
      17.0,
      78.09,
      80.654,
      22.361,
      0.0,
      60.033,
      76.164,
      48.836,
      60.729,
      5.0,
      12.0,
      86.145,
      99.298,
      13.601,
      71.176,
      59.841,
      15.133,
      33.302,
      92.0,
      20.025,
      90.708,
      42.72,
      85.147,
      79.101,
      59.076,
      29.411,
      75.133,
      60.415,
      26.019,
      36.125,
      16.0
    ],
    [
      39.661,
      14.866,
      2.828,
      27.659,
      26.077,
      27.803,
      51.662,
      10.44,
      58.728,
      44.011,
      37.643,
      44.944,
      50.09,
      47.802,
      41.785,
      55.758,
      55.362,
      11.045,
      59.034,
      35.468,
      53.038,
      49.739,
      25.71,
      37.736,
      60.033,
      0.0,
      34.655,
      16.279,
      13.416,
      55.073,
      55.027,
      42.202,
      65.054,
      60.142,
      13.038,
      40.608,
      48.918,
      30.414,
      50.0,
      51.971,
      36.878,
      21.095,
      48.104,
      43.417,
      33.734,
      35.511,
      27.803,
      1.414,
      51.157,
      36.674,
      69.426
    ],
    [
      9.487,
      31.016,
      31.828,
      42.19,
      23.087,
      7.616,
      60.415,
      26.077,
      24.083,
      32.802,
      4.0,
      66.611,
      20.1,
      25.06,
      41.437,
      71.176,
      76.236,
      27.295,
      24.698,
      2.236,
      62.37,
      18.028,
      19.026,
      56.223,
      76.164,
      34.655,
      0.0,
      48.826,
      22.204,
      72.028,
      76.322,
      10.0,
      30.414,
      69.857,
      26.401,
      22.672,
      61.4,
      57.585,
      16.763,
      76.485,
      20.809,
      35.693,
      13.454,
      9.487,
      18.788,
      61.984,
      8.246,
      33.242,
      77.885,
      40.792,
      78.848
    ],
    [
      55.009,
      20.248,
      18.682,
      24.083,
      42.297,
      41.4,
      45.188,
      26.683,
      72.471,
      60.033,
      51.225,
      32.202,
      61.221,
      64.031,
      42.012,
      45.277,
      42.19,
      27.295,
      72.18,
      49.204,
      46.065,
      61.62,
      41.976,
      28.018,
      48.836,
      16.279,
      48.826,
      0.0,
      26.627,
      43.863,
      41.677,
      57.306,
      79.025,
      52.154,
      29.275,
      48.765,
      40.817,
      16.125,
      65.0,
      37.336,
      53.151,
      21.587,
      62.008,
      56.727,
      42.72,
      21.024,
      42.942,
      17.464,
      35.693,
      36.0,
      60.803
    ],
    [
      28.792,
      11.18,
      10.77,
      25.632,
      22.361,
      14.866,
      48.549,
      9.849,
      46.011,
      40.162,
      24.759,
      48.166,
      36.674,
      40.012,
      34.205,
      55.973,
      58.421,
      12.083,
      46.011,
      22.672,
      50.249,
      36.359,
      19.925,
      38.833,
      60.729,
      13.416,
      22.204,
      26.627,
      0.0,
      56.045,
      58.31,
      30.871,
      52.498,
      57.801,
      13.038,
      28.018,
      47.424,
      36.674,
      38.471,
      57.035,
      30.265,
      18.028,
      35.468,
      30.414,
      21.024,
      41.437,
      16.763,
      12.083,
      57.559,
      30.414,
      67.231
    ],
    [
      81.154,
      44.922,
      55.902,
      30.594,
      78.109,
      65.192,
      17.029,
      62.769,
      89.443,
      96.167,
      72.028,
      12.53,
      72.277,
      95.037,
      35.114,
      3.162,
      8.944,
      64.475,
      87.098,
      71.0,
      15.556,
      74.733,
      75.961,
      17.464,
      5.0,
      55.073,
      72.028,
      43.863,
      56.045,
      0.0,
      9.849,
      82.024,
      95.901,
      14.56,
      66.31,
      56.515,
      12.083,
      28.425,
      88.051,
      17.263,
      86.122,
      38.079,
      81.394,
      75.326,
      55.326,
      24.698,
      70.711,
      55.471,
      23.195,
      32.558,
      19.416
    ],
    [
      85.094,
      47.17,
      56.321,
      34.132,
      79.624,
      69.116,
      26.249,
      63.789,
      95.336,
      97.862,
      76.792,
      10.198,
      78.772,
      98.127,
      42.544,
      13.0,
      1.0,
      65.253,
      93.301,
      75.538,
      25.0,
      80.957,
      77.929,
      20.1,
      12.0,
      55.027,
      76.322,
      41.677,
      58.31,
      9.849,
      0.0,
      86.284,
      101.922,
      24.352,
      67.186,
      62.968,
      20.518,
      25.554,
      92.779,
      8.062,
      88.566,
      41.0,
      86.683,
      80.604,
      60.877,
      20.809,
      74.007,
      55.66,
      14.036,
      39.0,
      28.0
    ],
    [
      3.162,
      40.522,
      39.408,
      52.154,
      24.352,
      17.263,
      70.214,
      32.558,
      18.974,
      27.857,
      10.77,
      76.531,
      23.324,
      16.971,
      50.961,
      81.154,
      86.209,
      33.242,
      21.213,
      11.18,
      72.18,
      20.125,
      21.024,
      66.189,
      86.145,
      42.202,
      10.0,
      57.306,
      30.871,
      82.024,
      86.284,
      0.0,
      24.187,
      79.624,
      31.89,
      30.887,
      71.344,
      67.052,
      7.81,
      86.313,
      17.117,
      45.541,
      10.05,
      11.402,
      28.16,
      71.568,
      14.422,
      40.804,
      87.556,
      50.636,
      88.527
    ],
    [
      27.295,
      60.208,
      62.225,
      68.71,
      48.332,
      37.643,
      81.394,
      56.08,
      6.708,
      47.043,
