{
  "patients": [
    {
      "id": "p1",
      "location": [
        40.0,
        29.0
      ],
      "time_window": [
        28.0,
        148.0
      ],
      "required_caregivers": [
        {
          "service": "s5",
          "duration": 11.0
        }
      ]
    },
    {
      "id": "p2",
      "location": [
        89.0,
        22.0
      ],
      "time_window": [
        252.0,
        372.0
      ],
      "required_caregivers": [
        {
          "service": "s1",
          "duration": 11.0
        }
      ]
    },
    {
      "id": "p3",
      "location": [
        6.0,
        7.0
      ],
      "time_window": [
        200.0,
        320.0
      ],
      "required_caregivers": [
        {
          "service": "s3",
          "duration": 11.0
        }
      ]
    },
    {
      "id": "p4",
      "location": [
        47.0,
        18.0
      ],
      "time_window": [
        427.0,
        547.0
      ],
      "required_caregivers": [
        {
          "service": "s2",
          "duration": 11.0
        }
      ]
    },
    {
      "id": "p5",
      "location": [
        94.0,
        4.0
      ],
      "time_window": [
        309.0,
        429.0
      ],
      "required_caregivers": [
        {
          "service": "s4",
          "duration": 11.0
        }
      ]
    },
    {
      "id": "p6",
      "location": [
        34.0,
        24.0
      ],
      "time_window": [
        390.0,
        510.0
      ],
      "required_caregivers": [
        {
          "service": "s1",
          "duration": 11.0
        }
      ]
    },
    {
      "id": "p7",
      "location": [
        14.0,
        7.0
      ],
      "time_window": [
        366.0,
        486.0
      ],
      "required_caregivers": [
        {
          "service": "s1",
          "duration": 11.0
        }
      ]
    },
    {
      "id": "p8",
      "location": [
        67.0,
        7.0
      ],
      "time_window": [
        39.0,
        159.0
      ],
      "required_caregivers": [
        {
          "service": "s4",
          "duration": 11.0
        }
      ]
    },
    {
      "id": "p9",
      "location": [
        30.0,
        47.0
      ],
      "time_window": [
        7.0,
        127.0
      ],
      "required_caregivers": [
        {
          "service": "s2",
          "duration": 11.0
        }
      ]
    },
    {
      "id": "p10",
      "location": [
        78.0,
        6.0
      ],
      "time_window": [
        348.0,
        468.0
      ],
      "required_caregivers": [
        {
          "service": "s1",
          "duration": 11.0
        }
      ]
    },
    {
      "id": "p11",
      "location": [
        99.0,
        11.0
      ],
      "time_window": [
        14.0,
        134.0
      ],
      "required_caregivers": [
        {
          "service": "s3",
          "duration": 11.0
        }
      ]
    },
    {
      "id": "p12",
      "location": [
        56.0,
        45.0
      ],
      "time_window": [
        446.0,
        566.0
      ],
      "required_caregivers": [
        {
          "service": "s3",
          "duration": 11.0
        }
      ]
    },
    {
      "id": "p13",
      "location": [
        62.0,
        0.0
      ],
      "time_window": [
        154.0,
        274.0
      ],
      "required_caregivers": [
        {
          "service": "s5",
          "duration": 11.0
        }
      ]
    },
    {
      "id": "p14",
      "location": [
        53.0,
        28.0
      ],
      "time_window": [
        54.0,
        174.0
      ],
      "required_caregivers": [
        {
          "service": "s1",
          "duration": 11.0
        }
      ]
    },
    {
      "id": "p15",
      "location": [
        79.0,
        38.0
      ],
      "time_window": [
        434.0,
        554.0
      ],
      "required_caregivers": [
        {
          "service": "s3",
          "duration": 11.0
        }
      ]
    },
    {
      "id": "p16",
      "location": [
        7.0,
        7.0
      ],
      "time_window": [
        416.0,
        536.0
      ],
      "required_caregivers": [
        {
          "service": "s3",
          "duration": 11.0
        }
      ]
    },
    {
      "id": "p17",
      "location": [
        30.0,
        32.0
      ],
      "time_window": [
        187.0,
        307.0
      ],
      "required_caregivers": [
        {
          "service": "s2",
          "duration": 11.0
        }
      ]
    },
    {
      "id": "p18",
      "location": [
        97.0,
        17.0
      ],
      "time_window": [
        399.0,
        519.0
      ],
      "required_caregivers": [
        {
          "service": "s4",
          "duration": 11.0
        }
      ]
    },
    {
      "id": "p19",
      "location": [
        67.0,
        15.0
      ],
      "time_window": [
        290.0,
        410.0
      ],
      "required_caregivers": [
        {
          "service": "s3",
          "duration": 11.0
        }
      ]
    },
    {
      "id": "p20",
      "location": [
        2.0,
        0.0
      ],
      "time_window": [
        431.0,
        551.0
      ],
      "required_caregivers": [
        {
          "service": "s6",
          "duration": 11.0
        }
      ]
    },
    {
      "id": "p21",
      "location": [
        58.0,
        47.0
      ],
      "time_window": [
        438.0,
        558.0
      ],
      "required_caregivers": [
        {
          "service": "s1",
          "duration": 11.0
        }
      ]
    },
    {
      "id": "p22",
      "location": [
        42.0,
        13.0
      ],
      "time_window": [
        207.0,
        327.0
      ],
      "required_caregivers": [
        {
          "service": "s4",
          "duration": 11.0
        }
      ]
    },
    {
      "id": "p23",
      "location": [
        34.0,
        44.0
      ],
      "time_window": [
        359.0,
        479.0
      ],
      "required_caregivers": [
        {
          "service": "s6",
          "duration": 11.0
        }
      ]
    },
    {
      "id": "p24",
      "location": [
        36.0,
        24.0
      ],
      "time_window": [
        442.0,
        562.0
      ],
      "required_caregivers": [
        {
          "service": "s5",
          "duration": 11.0
        }
      ]
    },
    {
      "id": "p25",
      "location": [
        59.0,
        17.0
      ],
      "time_window": [
        256.0,
        376.0
      ],
      "required_caregivers": [
        {
          "service": "s5",
          "duration": 11.0
        }
      ]
    },
    {
      "id": "p26",
      "location": [
        98.0,
        9.0
      ],
      "time_window": [
        54.0,
        174.0
      ],
      "required_caregivers": [
        {
          "service": "s1",
          "duration": 11.0
        }
      ]
    },
    {
      "id": "p27",
      "location": [
        99.0,
        39.0
      ],
      "time_window": [
        202.0,
        322.0
      ],
      "required_caregivers": [
        {
          "service": "s5",
          "duration": 11.0
        }
      ]
    },
    {
      "id": "p28",
      "location": [
        58.0,
        7.0
      ],
      "time_window": [
        155.0,
        275.0
      ],
      "required_caregivers": [
        {
          "service": "s6",
          "duration": 11.0
        }
      ]
    },
    {
      "id": "p29",
      "location": [
        70.0,
        13.0
      ],
      "time_window": [
        273.0,
        393.0
      ],
      "required_caregivers": [
        {
          "service": "s4",
          "duration": 11.0
        }
      ]
    },
    {
      "id": "p30",
      "location": [
        14.0,
        31.0
      ],
      "time_window": [
        322.0,
        442.0
      ],
      "required_caregivers": [
        {
          "service": "s5",
          "duration": 11.0
        }
      ]
    },
    {
      "id": "p31",
      "location": [
        94.0,
        17.0
      ],
      "time_window": [
        379.0,
        499.0
      ],
      "required_caregivers": [
        {
          "service": "s2",
          "duration": 11.0
        }
      ]
    },
    {
      "id": "p32",
      "location": [
        34.0,
        47.0
      ],
      "time_window": [
        426.0,
        546.0
      ],
      "required_caregivers": [
        {
          "service": "s1",
          "duration": 11.0
        }
      ]
    },
    {
      "id": "p33",
      "location": [
        38.0,
        24.0
      ],
      "time_window": [
        367.0,
        487.0
      ],
      "required_caregivers": [
        {
          "service": "s2",
          "duration": 11.0
        }
      ]
    },
    {
      "id": "p34",
      "location": [
        94.0,
        35.0
      ],
      "time_window": [
        350.0,
        470.0
      ],
      "required_caregivers": [
        {
          "service": "s3",
          "duration": 11.0
        }
      ]
    },
    {
      "id": "p35",
      "location": [
        91.0,
        20.0
      ],
      "time_window": [
        430.0,
        550.0
      ],
      "required_caregivers": [
        {
          "service": "s5",
          "duration": 11.0
        }
      ]
    },
    {
      "id": "p36",
      "location": [
        35.0,
        49.0
      ],
      "time_window": [
        284.0,
        404.0
      ],
      "required_caregivers": [
        {
          "service": "s4",
          "duration": 11.0
        },
        {
          "service": "s6",
          "duration": 11.0
        }
      ],
      "synchronization": {
        "type": "simultaneous"
      }
    },
    {
      "id": "p37",
      "location": [
        33.0,
        5.0
      ],
      "time_window": [
        357.0,
        477.0
      ],
      "required_caregivers": [
        {
          "service": "s5",
          "duration": 11.0
        },
        {
          "service": "s6",
          "duration": 11.0
        }
      ],
      "synchronization": {
        "type": "simultaneous"
      }
    },
    {
      "id": "p38",
      "location": [
        8.0,
        1.0
      ],
      "time_window": [
        295.0,
        415.0
      ],
      "required_caregivers": [
        {
          "service": "s4",
          "duration": 11.0
        },
        {
          "service": "s5",
          "duration": 11.0
        }
      ],
      "synchronization": {
        "type": "simultaneous"
      }
    },
    {
      "id": "p39",
      "location": [
        5.0,
        5.0
      ],
      "time_window": [
        127.0,
        247.0
      ],
      "required_caregivers": [
        {
          "service": "s4",
          "duration": 11.0
        },
        {
          "service": "s5",
          "duration": 11.0
        }
      ],
      "synchronization": {
        "type": "simultaneous"
      }
    },
    {
      "id": "p40",
      "location": [
        31.0,
        24.0
      ],
      "time_window": [
        188.0,
        308.0
      ],
      "required_caregivers": [
        {
          "service": "s4",
          "duration": 11.0
        },
        {
          "service": "s5",
          "duration": 11.0
        }
      ],
      "synchronization": {
        "type": "simultaneous"
      }
    },
    {
      "id": "p41",
      "location": [
        72.0,
        26.0
      ],
      "time_window": [
        242.0,
        362.0
      ],
      "required_caregivers": [
        {
          "service": "s5",
          "duration": 11.0
        },
        {
          "service": "s6",
          "duration": 11.0
        }
      ],
      "synchronization": {
        "type": "simultaneous"
      }
    },
    {
      "id": "p42",
      "location": [
        46.0,
        38.0
      ],
      "time_window": [
        475.0,
        595.0
      ],
      "required_caregivers": [
        {
          "service": "s4",
          "duration": 11.0
        },
        {
          "service": "s5",
          "duration": 11.0
        }
      ],
      "synchronization": {
        "type": "simultaneous"
      }
    },
    {
      "id": "p43",
      "location": [
        8.0,
        47.0
      ],
      "time_window": [
        278.0,
        398.0
      ],
      "required_caregivers": [
        {
          "service": "s2",
          "duration": 11.0
        },
        {
          "service": "s6",
          "duration": 11.0
        }
      ],
      "synchronization": {
        "type": "sequential",
        "distance": [
          49,
          98
        ]
      }
    },
    {
      "id": "p44",
      "location": [
        35.0,
        3.0
      ],
      "time_window": [
        259.0,
        379.0
      ],
      "required_caregivers": [
        {
          "service": "s3",
          "duration": 11.0
        },
        {
          "service": "s6",
          "duration": 11.0
        }
      ],
      "synchronization": {
        "type": "sequential",
        "distance": [
          58,
          116
        ]
      }
    },
    {
      "id": "p45",
      "location": [
        86.0,
        49.0
      ],
      "time_window": [
        222.0,
        342.0
      ],
      "required_caregivers": [
        {
          "service": "s2",
          "duration": 11.0
        },
        {
          "service": "s5",
          "duration": 11.0
        }
      ],
      "synchronization": {
        "type": "sequential",
        "distance": [
          13,
          26
        ]
      }
    },
    {
      "id": "p46",
      "location": [
        3.0,
        35.0
      ],
      "time_window": [
        0.0,
        120.0
      ],
      "required_caregivers": [
        {
          "service": "s1",
          "duration": 11.0
        },
        {
          "service": "s6",
          "duration": 11.0
        }
      ],
      "synchronization": {
        "type": "sequential",
        "distance": [
          52,
          104
        ]
      }
    },
    {
      "id": "p47",
      "location": [
        43.0,
        21.0
      ],
      "time_window": [
        454.0,
        574.0
      ],
      "required_caregivers": [
        {
          "service": "s3",
          "duration": 11.0
        },
        {
          "service": "s4",
          "duration": 11.0
        }
      ],
      "synchronization": {
        "type": "sequential",
        "distance": [
          7,
          14
        ]
      }
    },
    {
      "id": "p48",
      "location": [
        70.0,
        25.0
      ],
      "time_window": [
        183.0,
        303.0
      ],
      "required_caregivers": [
        {
          "service": "s2",
          "duration": 11.0
        },
        {
          "service": "s5",
          "duration": 11.0
        }
      ],
      "synchronization": {
        "type": "sequential",
        "distance": [
          22,
          44
        ]
      }
    },
    {
      "id": "p49",
      "location": [
        96.0,
        42.0
      ],
      "time_window": [
        136.0,
        256.0
      ],
      "required_caregivers": [
        {
          "service": "s3",
          "duration": 11.0
        },
        {
          "service": "s5",
          "duration": 11.0
        }
      ],
      "synchronization": {
        "type": "sequential",
        "distance": [
          48,
          96
        ]
      }
    },
    {
      "id": "p50",
      "location": [
        0.0,
        0.0
      ],
      "time_window": [
        47.0,
        167.0
      ],
      "required_caregivers": [
        {
          "service": "s3",
          "duration": 11.0
        },
        {
          "service": "s4",
          "duration": 11.0
        }
      ],
      "synchronization": {
        "type": "sequential",
        "distance": [
          53,
          106
        ]
      }
    }
  ],
  "services": [
    {
      "id": "s1",
      "default_duration": 11.0
    },
    {
      "id": "s2",
      "default_duration": 11.0
    },
    {
      "id": "s3",
      "default_duration": 11.0
    },
    {
      "id": "s4",
      "default_duration": 11.0
    },
    {
      "id": "s5",
      "default_duration": 11.0
    },
    {
      "id": "s6",
      "default_duration": 11.0
    }
  ],
  "caregivers": [
    {
      "id": "c1",
      "abilities": [
        "s1",
        "s3"
      ]
    },
    {
      "id": "c2",
      "abilities": [
        "s3"
      ]
    },
    {
      "id": "c3",
      "abilities": [
        "s1",
        "s2",
        "s3"
      ]
    },
    {
      "id": "c4",
      "abilities": [
        "s4",
        "s5",
        "s6"
      ]
    },
    {
      "id": "c5",
      "abilities": [
        "s4",
        "s6"
      ]
    },
    {
      "id": "c6",
      "abilities": [
        "s5"
      ]
    },
    {
      "id": "c7",
      "abilities": [
        "s4",
        "s5",
        "s6"
      ]
    },
    {
      "id": "c8",
      "abilities": [
        "s4",
        "s5"
      ]
    },
    {
      "id": "c9",
      "abilities": [
        "s4",
        "s5",
        "s6"
      ]
    },
    {
      "id": "c10",
      "abilities": [
        "s4",
        "s5",
        "s6"
      ]
    }
  ],
  "central_offices": [
    {
      "id": "d",
      "location": [
        8.0,
        9.0
      ]
    }
  ],
  "distances": [
    [
      0.0,
      37.736,
      82.037,
      2.828,
      40.025,
      86.145,
      30.017,
      6.325,
      59.034,
      43.909,
      70.064,
      91.022,
      60.0,
      54.745,
      48.847,
      76.694,
      2.236,
      31.828,
      89.359,
      59.304,
      10.817,
      62.801,
      34.234,
      43.6,
      31.765,
      51.624,
      90.0,
      95.818,
      50.04,
      62.129,
      22.804,
      86.371,
      46.043,
      33.541,
      89.844,
      83.726,
      48.26,
      25.318,
      8.0,
      5.0,
      27.459,
      66.219,
      47.802,
      38.0,
      27.659,
      87.658,
      26.476,
      37.0,
      64.031,
      93.984,
      12.042
    ],
    [
      37.736,
      0.0,
      49.497,
      40.497,
      13.038,
      59.506,
      7.81,
      34.059,
      34.828,
      20.591,
      44.418,
      61.685,
      22.627,
      36.401,
      13.038,
      40.025,
      39.661,
      10.44,
      58.249,
      30.414,
      47.802,
      25.456,
      16.125,
      16.155,
      6.403,
      22.472,
      61.351,
      59.841,
      28.425,
      34.0,
      26.077,
      55.317,
      18.974,
      5.385,
      54.332,
      51.788,
      20.616,
      25.0,
      42.521,
      42.438,
      10.296,
      32.14,
      10.817,
      36.715,
      26.476,
      50.16,
      37.483,
      8.544,
      30.265,
      57.489,
      49.406
    ],
    [
      82.037,
      49.497,
      0.0,
      84.345,
      42.19,
      18.682,
      55.036,
      76.485,
      26.627,
      64.078,
      19.416,
      14.866,
      40.224,
      34.828,
      36.497,
      18.868,
      83.361,
      59.841,
      9.434,
      23.087,
      89.739,
      39.825,
      47.854,
      59.237,
      53.038,
      30.414,
      15.811,
      19.723,
      34.438,
      21.024,
      75.538,
      7.071,
      60.415,
      51.039,
      13.928,
      2.828,
      60.374,
      58.524,
      83.678,
      85.703,
      58.034,
      17.464,
      45.88,
      84.77,
      57.245,
      27.166,
      86.977,
      46.011,
      19.235,
      21.19,
      91.679
    ],
    [
      2.828,
      40.497,
      84.345,
      0.0,
      42.45,
      88.051,
      32.757,
      8.0,
      61.0,
      46.648,
      72.007,
      93.086,
      62.801,
      56.436,
      51.478,
      79.31,
      1.0,
      34.655,
      91.548,
      61.522,
      8.062,
      65.605,
      36.497,
      46.4,
      34.482,
      53.935,
      92.022,
      98.351,
      52.0,
      64.281,
      25.298,
      88.566,
      48.826,
      36.235,
      92.347,
      85.988,
      51.039,
      27.074,
      6.325,
      2.236,
      30.232,
      68.68,
      50.606,
      40.05,
      29.275,
      90.355,
      28.16,
      39.56,
      66.483,
      96.566,
      9.22
    ],
    [
      40.025,
      13.038,
      42.19,
      42.45,
      0.0,
      49.041,
      14.318,
      34.785,
      22.825,
      33.615,
      33.242,
      52.469,
      28.46,
      23.431,
      11.662,
      37.736,
      41.485,
      22.023,
      50.01,
      20.224,
      48.466,
      31.016,
      7.071,
      29.069,
      12.53,
      12.042,
      51.788,
      56.08,
      15.556,
      23.537,
      35.468,
      47.011,
      31.78,
      10.817,
      49.98,
      44.045,
      33.242,
      19.105,
      42.544,
      43.966,
      17.088,
      26.249,
      20.025,
      48.6,
      19.209,
      49.82,
      47.17,
      5.0,
      24.042,
      54.562,
      50.329
    ],
    [
      86.145,
      59.506,
      18.682,
      88.051,
      49.041,
      0.0,
      63.246,
      80.056,
      27.166,
      77.104,
      16.125,
      8.602,
      55.902,
      32.249,
      47.508,
      37.162,
      87.052,
      69.857,
      13.342,
      29.155,
      92.087,
      56.08,
      52.773,
      72.111,
      61.351,
      37.336,
      6.403,
      35.355,
      36.125,
      25.632,
      84.433,
      13.0,
      73.817,
      59.464,
      31.0,
      16.279,
      74.202,
      61.008,
      86.052,
      89.006,
      66.098,
      31.113,
      58.822,
      96.151,
      59.008,
      45.706,
      96.135,
      53.759,
      31.89,
      38.053,
      94.085
    ],
    [
      30.017,
      7.81,
      55.036,
      32.757,
      14.318,
      63.246,
      0.0,
      26.249,
      37.121,
      23.345,
      47.539,
      66.287,
      30.414,
      36.878,
      19.416,
      47.127,
      31.906,
      8.944,
      63.388,
      34.205,
      40.0,
      33.242,
      13.601,
      20.0,
      2.0,
      25.962,
      65.734,
      66.708,
      29.411,
      37.643,
      21.19,
      60.407,
      23.0,
      4.0,
      61.0,
      57.14,
      25.02,
      19.026,
      34.713,
      34.67,
      3.0,
      38.053,
      18.439,
      34.713,
      21.024,
      57.697,
      32.894,
      9.487,
      36.014,
      64.56,
      41.617
    ],
    [
      6.325,
      34.059,
      76.485,
      8.0,
      34.785,
      80.056,
      26.249,
      0.0,
      53.0,
      43.081,
      64.008,
      85.094,
      56.639,
      48.508,
      44.294,
      72.014,
      7.0,
      29.682,
      83.6,
      53.6,
      13.892,
      59.464,
      28.636,
      42.059,
      27.803,
      46.098,
      84.024,
      90.824,
      44.0,
      56.321,
      24.0,
      80.623,
      44.721,
      29.411,
      84.758,
      78.09,
      46.957,
      19.105,
      8.485,
      9.22,
      24.042,
      61.033,
      44.553,
      40.448,
      21.378,
      83.355,
      30.083,
      32.202,
      58.822,
      89.157,
      15.652
    ],
    [
      59.034,
      34.828,
      26.627,
      61.0,
      22.825,
      27.166,
      37.121,
      53.0,
      0.0,
      54.489,
      11.045,
      32.249,
      39.56,
      8.602,
      25.239,
      33.242,
      60.0,
      44.654,
      31.623,
      8.0,
      65.376,
      41.0,
      25.71,
      49.578,
      35.355,
      12.806,
      31.064,
      45.255,
      9.0,
      6.708,
      58.181,
      28.792,
      51.856,
      33.615,
      38.897,
      27.295,
      52.802,
      34.059,
      59.304,
      62.032,
      39.812,
      19.647,
      37.443,
      71.281,
      32.249,
      46.098,
      69.857,
      27.785,
      18.248,
      45.453,
      67.365
    ],
    [
      43.909,
      20.591,
      64.078,
      46.648,
      33.615,
      77.104,
      23.345,
      43.081,
      54.489,
      0.0,
      63.127,
      77.827,
      26.077,
      56.859,
      29.833,
      49.82,
      46.141,
      15.0,
      73.41,
      48.918,
      54.708,
      28.0,
      36.056,
      5.0,
      23.77,
      41.725,
      77.897,
      69.462,
      48.826,
      52.498,
      22.627,
      70.682,
      4.0,
      24.352,
      65.115,
      66.708,
      5.385,
      42.107,
      50.99,
      48.877,
      23.022,
      46.957,
      18.358,
      22.0,
      44.283,
      56.036,
      29.547,
      29.069,
      45.651,
      66.189,
      55.758
    ],
    [
      70.064,
      44.418,
      19.416,
      72.007,
      33.242,
      16.125,
      47.539,
      64.008,
      11.045,
      63.127,
      0.0,
      21.587,
      44.777,
      17.088,
      33.302,
      32.016,
      71.007,
      54.589,
      21.954,
      14.213,
      76.236,
      45.618,
      36.674,
      58.138,
      45.695,
      21.954,
      20.224,
      39.115,
      20.025,
      10.63,
      68.71,
      19.416,
      60.142,
      43.863,
      33.121,
      19.105,
      60.811,
      45.011,
      70.178,
      73.007,
      50.329,
      20.881,
      45.255,
      81.123,
      43.105,
      43.738,
      80.411,
      38.079,
      20.616,
      40.249,
      78.23
    ],
    [
      91.022,
      61.685,
      14.866,
      93.086,
      52.469,
      8.602,
      66.287,
      85.094,
      32.249,
      77.827,
      21.587,
      0.0,
      54.818,
      38.601,
      49.041,
      33.601,
      92.087,
      72.125,
      6.325,
      32.249,
      97.622,
      54.562,
      57.035,
      72.897,
      64.327,
      40.448,
      2.236,
      28.0,
      41.195,
      29.069,
      87.321,
      7.81,
      74.303,
      62.37,
      24.515,
      12.042,
      74.431,
      66.272,
      91.548,
      94.191,
      69.232,
      30.887,
      59.481,
      97.862,
      64.498,
      40.162,
      98.955,
      56.886,
      32.202,
      31.145,
      99.609
    ],
    [
      60.0,
      22.627,
      40.224,
      62.801,
      28.46,
      55.902,
      30.414,
      56.639,
      39.56,
      26.077,
      44.777,
      54.818,
      0.0,
      45.398,
      17.263,
      24.042,
      62.008,
      29.069,
      49.649,
      31.953,
      70.292,
      2.828,
      34.928,
      22.023,
      29.0,
      28.16,
      55.317,
      43.417,
      38.053,
      34.928,
      44.272,
      47.202,
      22.091,
      27.659,
      39.294,
      43.012,
      21.378,
      46.141,
      65.115,
      64.815,
      32.65,
      24.839,
      12.207,
      48.042,
      46.957,
      30.265,
      53.935,
      27.295,
      24.413,
      40.112,
      71.84
    ],
    [
      54.745,
      36.401,
      34.828,
      56.436,
      23.431,
      32.249,
      36.878,
      48.508,
      8.602,
      56.859,
      17.088,
      38.601,
      45.398,
      0.0,
      29.411,
      41.629,
      55.444,
      45.255,
      38.91,
      15.811,
      60.0,
      47.17,
      23.854,
      52.154,
      35.384,
      17.263,
      37.108,
      53.759,
      8.062,
      15.264,
      57.14,
      36.235,
      54.708,
      33.941,
      47.424,
      35.228,
      55.946,
      29.428,
      54.009,
      57.219,
      39.205,
      27.857,
      41.231,
      71.589,
      27.166,
      54.562,
      68.6,
      28.32,
      26.249,
      54.037,
      62.0
    ],
    [
      48.847,
      13.038,
      36.497,
      51.478,
      11.662,
      47.508,
      19.416,
      44.294,
      25.239,
      29.833,
      33.302,
      49.041,
      17.263,
      29.411,
      0.0,
      27.857,
      50.567,
      23.345,
      45.354,
      19.105,
      58.181,
      19.647,
      18.601,
      24.839,
      17.464,
      12.53,
      48.847,
      47.297,
      21.587,
      22.672,
      39.115,
      42.45,
      26.87,
      15.524,
      41.593,
      38.833,
      27.659,
      30.48,
      52.479,
      53.226,
      22.361,
      19.105,
      12.207,
      48.847,
      30.806,
      39.115,
      50.488,
      12.207,
      17.263,
      45.222,
      59.942
    ],
    [
      76.694,
      40.025,
      18.868,
      79.31,
      37.736,
      37.162,
      47.127,
      72.014,
      33.242,
      49.82,
      32.016,
      33.601,
      24.042,
      41.629,
      27.857,
      0.0,
      78.39,
      49.366,
      27.659,
      25.942,
      85.866,
      22.847,
      44.654,
      45.398,
      45.222,
      29.0,
      34.67,
      20.025,
      37.443,
      26.571,
      65.376,
      25.807,
      45.891,
      43.324,
      15.297,
      21.633,
      45.354,
      56.613,
      80.062,
      81.025,
      50.0,
      13.892,
      33.0,
      71.568,
      56.223,
      13.038,
      76.059,
      39.812,
      15.811,
      17.464,
      87.664
    ],
    [
      2.236,
      39.661,
      83.361,
      1.0,
      41.485,
      87.052,
      31.906,
      7.0,
      60.0,
      46.141,
      71.007,
      92.087,
      62.008,
      55.444,
      50.567,
      78.39,
      0.0,
      33.971,
      90.554,
      60.531,
      8.602,
      64.815,
      35.511,
      45.804,
      33.615,
      52.953,
      91.022,
      97.406,
      51.0,
      63.285,
      25.0,
      87.573,
      48.26,
      35.355,
      91.395,
      85.0,
      50.478,
      26.077,
      6.083,
      2.828,
      29.411,
      67.72,
      49.82,
      40.012,
      28.284,
      89.471,
      28.284,
      38.626,
      65.521,
      95.635,
      9.899
    ],
    [
      31.828,
      10.44,
      59.841,
      34.655,
      22.023,
      69.857,
      8.944,
      29.682,
      44.654,
      15.0,
      54.589,
      72.125,
      29.069,
      45.255,
      23.345,
      49.366,
      33.971,
      0.0,
      68.659,
      40.719,
      42.521,
      31.765,
      22.472,
      12.649,
      10.0,
      32.65,
      71.784,
      69.354,
      37.537,
      44.283,
      16.031,
      65.734,
      15.524,
      11.314,
      64.07,
      62.169,
      17.72,
      27.166,
      38.013,
      36.797,
      8.062,
      42.426,
      17.088,
      26.627,
      29.428,
      58.524,
      27.166,
      17.029,
      40.608,
      66.753,
      43.863
    ],
    [
      89.359,
      58.249,
      9.434,
      91.548,
      50.01,
      13.342,
      63.388,
      83.6,
      31.623,
      73.41,
      21.954,
      6.325,
      49.649,
      38.91,
      45.354,
      27.659,
      90.554,
      68.659,
      0.0,
      30.067,
      96.509,
      49.204,
      55.145,
      68.542,
      61.4,
      38.0,
      8.062,
      22.091,
      40.262,
      27.295,
      84.172,
      3.0,
      69.778,
      59.414,
      18.248,
      6.708,
      69.771,
      65.115,
      90.427,
      92.779,
      66.37,
      26.571,
      55.154,
      93.92,
      63.561,
      33.838,
      95.708,
      54.148,
      28.16,
      25.02,
      98.478
    ],
    [
      59.304,
      30.414,
      23.087,
      61.522,
      20.224,
      29.155,
      34.205,
      53.6,
      8.0,
      48.918,
      14.213,
      32.249,
      31.953,
      15.811,
      19.105,
      25.942,
      60.531,
      40.719,
      30.067,
      0.0,
      66.708,
      33.242,
      25.08,
      43.932,
      32.28,
      8.246,
      31.575,
      40.0,
      12.042,
      3.606,
      55.362,
      27.074,
      45.967,
      30.364,
      33.601,
      24.515,
      46.69,
      35.44,
      60.638,
      62.801,
      37.108,
      12.083,
      31.145,
      67.119,
      34.176,
      38.949,
      67.052,
      24.739,
      10.44,
      39.623,
      68.659
    ],
    [
      10.817,
      47.802,
      89.739,
      8.062,
      48.466,
      92.087,
      40.0,
      13.892,
      65.376,
      54.708,
      76.236,
      97.622,
      70.292,
      60.0,
      58.181,
      85.866,
      8.602,
      42.521,
      96.509,
      66.708,
      0.0,
      73.11,
      42.059,
      54.406,
      41.617,
      59.481,
      96.421,
      104.547,
      56.436,
      69.232,
      33.242,
      93.557,
      56.859,
      43.267,
      98.433,
      91.22,
      59.076,
      31.401,
      6.083,
      5.831,
      37.643,
      74.673,
      58.138,
      47.381,
      33.136,
      97.247,
      35.014,
      46.065,
      72.45,
      102.956,
      2.0
    ],
    [
      62.801,
      25.456,
      39.825,
      65.605,
      31.016,
      56.08,
      33.242,
      59.464,
      41.0,
      28.0,
      45.618,
      54.562,
      2.828,
      47.17,
      19.647,
      22.847,
      64.815,
      31.765,
      49.204,
      33.242,
      73.11,
      0.0,
      37.577,
      24.187,
      31.828,
      30.017,
      55.172,
      41.773,
      40.0,
      36.056,
      46.819,
      46.862,
      24.0,
      30.48,
      37.947,
      42.638,
      23.087,
      48.877,
      67.941,
      67.624,
      35.468,
      25.239,
      15.0,
      50.0,
      49.649,
      28.071,
      56.294,
      30.017,
      25.06,
      38.328,
      74.653
    ],
    [
      34.234,
      16.125,
      47.854,
      36.497,
      7.071,
      52.773,
      13.601,
      28.636,
      25.71,
      36.056,
      36.674,
      57.035,
      34.928,
      23.854,
      18.601,
      44.654,
      35.511,
      22.472,
      55.145,
      25.08,
      42.059,
      37.577,
      0.0,
      32.016,
      12.53,
      17.464,
      56.143,
      62.65,
      17.088,
      28.0,
      33.287,
      52.154,
      34.928,
      11.705,
      56.462,
      49.497,
      36.674,
      12.042,
      36.056,
      37.855,
      15.556,
      32.696,
      25.318,
      48.083,
      12.207,
      56.851,
      44.777,
      8.062,
      30.463,
      61.294,
      43.966
    ],
    [
      43.6,
      16.155,
      59.237,
      46.4,
      29.069,
      72.111,
      20.0,
      42.059,
      49.578,
      5.0,
      58.138,
      72.897,
      22.023,
      52.154,
      24.839,
      45.398,
      45.804,
      12.649,
      68.542,
      43.932,
      54.406,
      24.187,
      32.016,
      0.0,
      20.1,
      36.797,
      72.945,
      65.192,
      44.102,
      47.508,
      23.854,
      65.795,
      3.0,
      20.396,
      60.671,
      61.847,
      5.099,
      39.013,
      50.249,
      48.6,
      20.224,
      42.048,
      13.416,
      26.173,
      41.012,
      52.24,
      32.28,
      24.698,
      40.706,
      62.032,
      55.606
    ],
    [
      31.765,
      6.403,
      53.038,
      34.482,
      12.53,
      61.351,
      2.0,
      27.803,
      35.355,
      23.77,
      45.695,
      64.327,
      29.0,
      35.384,
      17.464,
      45.222,
      33.615,
      10.0,
      61.4,
      32.28,
      41.617,
      31.828,
      12.53,
      20.1,
      0.0,
      24.042,
      63.789,
      64.761,
      27.803,
      35.735,
      23.087,
      58.421,
      23.087,
      2.0,
      59.034,
      55.145,
      25.02,
      19.235,
      36.235,
      36.359,
      5.0,
      36.056,
      17.205,
      36.235,
      21.024,
      55.902,
      34.785,
      7.616,
      34.015,
      62.642,
      43.267
    ],
    [
      51.624,
      22.472,
      30.414,
      53.935,
      12.042,
      37.336,
      25.962,
      46.098,
      12.806,
      41.725,
      21.954,
      40.448,
      28.16,
      17.263,
      12.53,
      29.0,
      52.953,
      32.65,
      38.0,
      8.246,
      59.481,
      30.017,
      17.464,
      36.797,
      24.042,
      0.0,
      39.812,
      45.651,
      10.05,
      11.705,
      47.127,
      35.0,
      39.051,
      22.136,
      39.357,
      32.14,
      40.0,
      28.636,
      53.451,
      55.317,
      28.862,
      15.811,
      24.698,
      59.169,
      27.785,
      41.869,
      58.822,
      16.492,
      13.601,
      44.654,
      61.4
    ],
    [
      90.0,
      61.351,
      15.811,
      92.022,
      51.788,
      6.403,
      65.734,
      84.024,
      31.064,
      77.897,
      20.224,
      2.236,
      55.317,
      37.108,
      48.847,
      34.67,
      91.022,
      71.784,
      8.062,
      31.575,
      96.421,
      55.172,
      56.143,
      72.945,
      63.789,
      39.812,
      0.0,
      30.017,
      40.05,
      28.284,
      86.833,
      8.944,
      74.431,
      61.847,
      26.306,
      13.038,
      74.626,
      65.123,
      90.355,
      93.086,
      68.659,
      31.064,
      59.54,
      97.693,
      63.285,
      41.761,
      98.494,
      56.294,
      32.249,
      33.061,
      98.412
    ],
    [
      95.818,
      59.841,
      19.723,
      98.351,
      56.08,
      35.355,
      66.708,
      90.824,
      45.255,
      69.462,
      39.115,
      28.0,
      43.417,
      53.759,
      47.297,
      20.025,
      97.406,
      69.354,
      22.091,
      40.0,
      104.547,
      41.773,
      62.65,
      65.192,
      64.761,
      45.651,
      30.017,
      0.0,
      52.01,
      38.949,
      85.376,
      22.561,
      65.49,
      62.817,
      6.403,
      20.616,
      64.777,
      74.243,
      98.615,
      99.96,
      69.635,
      29.967,
      53.009,
      91.351,
      73.43,
      16.401,
      96.083,
      58.822,
      32.202,
      4.243,
      106.405
    ],
    [
      50.04,
      28.425,
      34.438,
      52.0,
      15.556,
      36.125,
      29.411,
      44.0,
      9.0,
      48.826,
      20.025,
      41.195,
      38.053,
      8.062,
      21.587,
      37.443,
      51.0,
      37.537,
      40.262,
      12.042,
      56.436,
      40.0,
      17.088,
      44.102,
      27.803,
      10.05,
      40.05,
      52.01,
      0.0,
      13.416,
      50.12,
      37.363,
      46.648,
      26.249,
      45.607,
      35.468,
      47.885,
      25.08,
      50.359,
      53.038,
      31.906,
      23.601,
      33.242,
      64.031,
      23.345,
      50.478,
      61.717,
      20.518,
      21.633,
      51.662,
      58.421
    ],
    [
      62.129,
      34.0,
      21.024,
      64.281,
      23.537,
      25.632,
      37.643,
      56.321,
      6.708,
      52.498,
      10.63,
      29.069,
      34.928,
      15.264,
      22.672,
      26.571,
      63.285,
      44.283,
      27.295,
      3.606,
      69.232,
      36.056,
      28.0,
      47.508,
      35.735,
      11.705,
      28.284,
      38.949,
      13.416,
      0.0,
      58.822,
      24.331,
      49.518,
      33.838,
      32.558,
      22.136,
      50.21,
      37.855,
      63.151,
      65.49,
      40.522,
      13.153,
      34.655,
      70.711,
      36.401,
      39.395,
      70.52,
      28.16,
      12.0,
      38.949,
      71.197
    ],
    [
      22.804,
      26.077,
      75.538,
      25.298,
      35.468,
      84.433,
      21.19,
      24.0,
      58.181,
      22.627,
      68.71,
      87.321,
      44.272,
      57.14,
      39.115,
      65.376,
      25.0,
      16.031,
      84.172,
      55.362,
      33.242,
      46.819,
      33.287,
      23.854,
      23.087,
      47.127,
      86.833,
      85.376,
      50.12,
      58.822,
      0.0,
      81.216,
      25.612,
      25.0,
      80.1,
      77.782,
      27.659,
      32.202,
      30.594,
      27.514,
      18.385,
      58.215,
      32.757,
      17.088,
      35.0,
      74.216,
      11.705,
      30.676,
      56.321,
      82.735,
      34.015
    ],
    [
      86.371,
      55.317,
      7.071,
      88.566,
      47.011,
      13.0,
      60.407,
      80.623,
      28.792,
      70.682,
      19.416,
      7.81,
      47.202,
      36.235,
      42.45,
      25.807,
      87.573,
      65.734,
      3.0,
      27.074,
      93.557,
      46.862,
      52.154,
      65.795,
      58.421,
      35.0,
      8.944,
      22.561,
      37.363,
      24.331,
      81.216,
      0.0,
      67.082,
      56.436,
      18.0,
      4.243,
      67.119,
      62.169,
      87.476,
      89.805,
      63.388,
      23.77,
      52.393,
      91.082,
      60.638,
      32.985,
      92.763,
      51.157,
      25.298,
      25.08,
      95.525
    ],
    [
      46.043,
      18.974,
      60.415,
      48.826,
      31.78,
      73.817,
      23.0,
      44.721,
      51.856,
      4.0,
      60.142,
      74.303,
      22.091,
      54.708,
