{
  "patients": [
    {
      "id": "p1",
      "location": [
        10.0,
        46.0
      ],
      "time_window": [
        134.0,
        254.0
      ],
      "required_caregivers": [
        {
          "service": "s3",
          "duration": 16.0
        }
      ]
    },
    {
      "id": "p2",
      "location": [
        28.0,
        46.0
      ],
      "time_window": [
        140.0,
        260.0
      ],
      "required_caregivers": [
        {
          "service": "s3",
          "duration": 16.0
        }
      ]
    },
    {
      "id": "p3",
      "location": [
        49.0,
        29.0
      ],
      "time_window": [
        450.0,
        570.0
      ],
      "required_caregivers": [
        {
          "service": "s1",
          "duration": 16.0
        }
      ]
    },
    {
      "id": "p4",
      "location": [
        59.0,
        43.0
      ],
      "time_window": [
        181.0,
        301.0
      ],
      "required_caregivers": [
        {
          "service": "s2",
          "duration": 16.0
        }
      ]
    },
    {
      "id": "p5",
      "location": [
        85.0,
        11.0
      ],
      "time_window": [
        408.0,
        528.0
      ],
      "required_caregivers": [
        {
          "service": "s1",
          "duration": 16.0
        }
      ]
    },
    {
      "id": "p6",
      "location": [
        77.0,
        1.0
      ],
      "time_window": [
        162.0,
        282.0
      ],
      "required_caregivers": [
        {
          "service": "s1",
          "duration": 16.0
        }
      ]
    },
    {
      "id": "p7",
      "location": [
        81.0,
        3.0
      ],
      "time_window": [
        69.0,
        189.0
      ],
      "required_caregivers": [
        {
          "service": "s4",
          "duration": 16.0
        }
      ]
    },
    {
      "id": "p8",
      "location": [
        76.0,
        23.0
      ],
      "time_window": [
        244.0,
        364.0
      ],
      "required_caregivers": [
        {
          "service": "s5",
          "duration": 16.0
        }
      ]
    },
    {
      "id": "p9",
      "location": [
        86.0,
        31.0
      ],
      "time_window": [
        19.0,
        139.0
      ],
      "required_caregivers": [
        {
          "service": "s2",
          "duration": 16.0
        }
      ]
    },
    {
      "id": "p10",
      "location": [
        11.0,
        43.0
      ],
      "time_window": [
        121.0,
        241.0
      ],
      "required_caregivers": [
        {
          "service": "s2",
          "duration": 16.0
        }
      ]
    },
    {
      "id": "p11",
      "location": [
        85.0,
        18.0
      ],
      "time_window": [
        465.0,
        585.0
      ],
      "required_caregivers": [
        {
          "service": "s4",
          "duration": 16.0
        }
      ]
    },
    {
      "id": "p12",
      "location": [
        78.0,
        46.0
      ],
      "time_window": [
        322.0,
        442.0
      ],
      "required_caregivers": [
        {
          "service": "s5",
          "duration": 16.0
        }
      ]
    },
    {
      "id": "p13",
      "location": [
        57.0,
        10.0
      ],
      "time_window": [
        197.0,
        317.0
      ],
      "required_caregivers": [
        {
          "service": "s6",
          "duration": 16.0
        }
      ]
    },
    {
      "id": "p14",
      "location": [
        46.0,
        39.0
      ],
      "time_window": [
        334.0,
        454.0
      ],
      "required_caregivers": [
        {
          "service": "s5",
          "duration": 16.0
        }
      ]
    },
    {
      "id": "p15",
      "location": [
        38.0,
        47.0
      ],
      "time_window": [
        21.0,
        141.0
      ],
      "required_caregivers": [
        {
          "service": "s4",
          "duration": 16.0
        }
      ]
    },
    {
      "id": "p16",
      "location": [
        22.0,
        48.0
      ],
      "time_window": [
        166.0,
        286.0
      ],
      "required_caregivers": [
        {
          "service": "s5",
          "duration": 16.0
        }
      ]
    },
    {
      "id": "p17",
      "location": [
        92.0,
        36.0
      ],
      "time_window": [
        336.0,
        456.0
      ],
      "required_caregivers": [
        {
          "service": "s1",
          "duration": 16.0
        }
      ]
    },
    {
      "id": "p18",
      "location": [
        61.0,
        27.0
      ],
      "time_window": [
        297.0,
        417.0
      ],
      "required_caregivers": [
        {
          "service": "s4",
          "duration": 16.0
        }
      ]
    },
    {
      "id": "p19",
      "location": [
        53.0,
        33.0
      ],
      "time_window": [
        286.0,
        406.0
      ],
      "required_caregivers": [
        {
          "service": "s5",
          "duration": 16.0
        }
      ]
    },
    {
      "id": "p20",
      "location": [
        57.0,
        36.0
      ],
      "time_window": [
        19.0,
        139.0
      ],
      "required_caregivers": [
        {
          "service": "s2",
          "duration": 16.0
        }
      ]
    },
    {
      "id": "p21",
      "location": [
        32.0,
        16.0
      ],
      "time_window": [
        271.0,
        391.0
      ],
      "required_caregivers": [
        {
          "service": "s2",
          "duration": 16.0
        }
      ]
    },
    {
      "id": "p22",
      "location": [
        70.0,
        23.0
      ],
      "time_window": [
        132.0,
        252.0
      ],
      "required_caregivers": [
        {
          "service": "s1",
          "duration": 16.0
        }
      ]
    },
    {
      "id": "p23",
      "location": [
        28.0,
        6.0
      ],
      "time_window": [
        25.0,
        145.0
      ],
      "required_caregivers": [
        {
          "service": "s2",
          "duration": 16.0
        }
      ]
    },
    {
      "id": "p24",
      "location": [
        24.0,
        5.0
      ],
      "time_window": [
        155.0,
        275.0
      ],
      "required_caregivers": [
        {
          "service": "s6",
          "duration": 16.0
        }
      ]
    },
    {
      "id": "p25",
      "location": [
        39.0,
        12.0
      ],
      "time_window": [
        358.0,
        478.0
      ],
      "required_caregivers": [
        {
          "service": "s5",
          "duration": 16.0
        }
      ]
    },
    {
      "id": "p26",
      "location": [
        57.0,
        46.0
      ],
      "time_window": [
        73.0,
        193.0
      ],
      "required_caregivers": [
        {
          "service": "s2",
          "duration": 16.0
        }
      ]
    },
    {
      "id": "p27",
      "location": [
        29.0,
        26.0
      ],
      "time_window": [
        77.0,
        197.0
      ],
      "required_caregivers": [
        {
          "service": "s6",
          "duration": 16.0
        }
      ]
    },
    {
      "id": "p28",
      "location": [
        7.0,
        49.0
      ],
      "time_window": [
        59.0,
        179.0
      ],
      "required_caregivers": [
        {
          "service": "s6",
          "duration": 16.0
        }
      ]
    },
    {
      "id": "p29",
      "location": [
        30.0,
        32.0
      ],
      "time_window": [
        266.0,
        386.0
      ],
      "required_caregivers": [
        {
          "service": "s3",
          "duration": 16.0
        }
      ]
    },
    {
      "id": "p30",
      "location": [
        26.0,
        28.0
      ],
      "time_window": [
        473.0,
        593.0
      ],
      "required_caregivers": [
        {
          "service": "s6",
          "duration": 16.0
        }
      ]
    },
    {
      "id": "p31",
      "location": [
        75.0,
        34.0
      ],
      "time_window": [
        398.0,
        518.0
      ],
      "required_caregivers": [
        {
          "service": "s3",
          "duration": 16.0
        }
      ]
    },
    {
      "id": "p32",
      "location": [
        71.0,
        49.0
      ],
      "time_window": [
        275.0,
        395.0
      ],
      "required_caregivers": [
        {
          "service": "s6",
          "duration": 16.0
        }
      ]
    },
    {
      "id": "p33",
      "location": [
        95.0,
        36.0
      ],
      "time_window": [
        42.0,
        162.0
      ],
      "required_caregivers": [
        {
          "service": "s1",
          "duration": 16.0
        }
      ]
    },
    {
      "id": "p34",
      "location": [
        50.0,
        38.0
      ],
      "time_window": [
        168.0,
        288.0
      ],
      "required_caregivers": [
        {
          "service": "s1",
          "duration": 16.0
        }
      ]
    },
    {
      "id": "p35",
      "location": [
        65.0,
        16.0
      ],
      "time_window": [
        32.0,
        152.0
      ],
      "required_caregivers": [
        {
          "service": "s3",
          "duration": 16.0
        }
      ]
    },
    {
      "id": "p36",
      "location": [
        46.0,
        38.0
      ],
      "time_window": [
        57.0,
        177.0
      ],
      "required_caregivers": [
        {
          "service": "s5",
          "duration": 16.0
        },
        {
          "service": "s6",
          "duration": 16.0
        }
      ],
      "synchronization": {
        "type": "simultaneous"
      }
    },
    {
      "id": "p37",
      "location": [
        30.0,
        34.0
      ],
      "time_window": [
        441.0,
        561.0
      ],
      "required_caregivers": [
        {
          "service": "s5",
          "duration": 16.0
        },
        {
          "service": "s6",
          "duration": 16.0
        }
      ],
      "synchronization": {
        "type": "simultaneous"
      }
    },
    {
      "id": "p38",
      "location": [
        3.0,
        24.0
      ],
      "time_window": [
        294.0,
        414.0
      ],
      "required_caregivers": [
        {
          "service": "s5",
          "duration": 16.0
        },
        {
          "service": "s6",
          "duration": 16.0
        }
      ],
      "synchronization": {
        "type": "simultaneous"
      }
    },
    {
      "id": "p39",
      "location": [
        20.0,
        32.0
      ],
      "time_window": [
        393.0,
        513.0
      ],
      "required_caregivers": [
        {
          "service": "s4",
          "duration": 16.0
        },
        {
          "service": "s6",
          "duration": 16.0
        }
      ],
      "synchronization": {
        "type": "simultaneous"
      }
    },
    {
      "id": "p40",
      "location": [
        99.0,
        47.0
      ],
      "time_window": [
        67.0,
        187.0
      ],
      "required_caregivers": [
        {
          "service": "s4",
          "duration": 16.0
        },
        {
          "service": "s5",
          "duration": 16.0
        }
      ],
      "synchronization": {
        "type": "simultaneous"
      }
    },
    {
      "id": "p41",
      "location": [
        44.0,
        43.0
      ],
      "time_window": [
        217.0,
        337.0
      ],
      "required_caregivers": [
        {
          "service": "s4",
          "duration": 16.0
        },
        {
          "service": "s5",
          "duration": 16.0
        }
      ],
      "synchronization": {
        "type": "simultaneous"
      }
    },
    {
      "id": "p42",
      "location": [
        26.0,
        28.0
      ],
      "time_window": [
        89.0,
        209.0
      ],
      "required_caregivers": [
        {
          "service": "s4",
          "duration": 16.0
        },
        {
          "service": "s5",
          "duration": 16.0
        }
      ],
      "synchronization": {
        "type": "simultaneous"
      }
    },
    {
      "id": "p43",
      "location": [
        98.0,
        36.0
      ],
      "time_window": [
        272.0,
        392.0
      ],
      "required_caregivers": [
        {
          "service": "s1",
          "duration": 16.0
        },
        {
          "service": "s6",
          "duration": 16.0
        }
      ],
      "synchronization": {
        "type": "sequential",
        "distance": [
          39,
          78
        ]
      }
    },
    {
      "id": "p44",
      "location": [
        92.0,
        39.0
      ],
      "time_window": [
        34.0,
        154.0
      ],
      "required_caregivers": [
        {
          "service": "s2",
          "duration": 16.0
        },
        {
          "service": "s5",
          "duration": 16.0
        }
      ],
      "synchronization": {
        "type": "sequential",
        "distance": [
          14,
          28
        ]
      }
    },
    {
      "id": "p45",
      "location": [
        80.0,
        13.0
      ],
      "time_window": [
        230.0,
        350.0
      ],
      "required_caregivers": [
        {
          "service": "s3",
          "duration": 16.0
        },
        {
          "service": "s5",
          "duration": 16.0
        }
      ],
      "synchronization": {
        "type": "sequential",
        "distance": [
          15,
          30
        ]
      }
    },
    {
      "id": "p46",
      "location": [
        9.0,
        1.0
      ],
      "time_window": [
        262.0,
        382.0
      ],
      "required_caregivers": [
        {
          "service": "s1",
          "duration": 16.0
        },
        {
          "service": "s5",
          "duration": 16.0
        }
      ],
      "synchronization": {
        "type": "sequential",
        "distance": [
          11,
          22
        ]
      }
    },
    {
      "id": "p47",
      "location": [
        79.0,
        47.0
      ],
      "time_window": [
        248.0,
        368.0
      ],
      "required_caregivers": [
        {
          "service": "s1",
          "duration": 16.0
        },
        {
          "service": "s6",
          "duration": 16.0
        }
      ],
      "synchronization": {
        "type": "sequential",
        "distance": [
          51,
          102
        ]
      }
    },
    {
      "id": "p48",
      "location": [
        14.0,
        29.0
      ],
      "time_window": [
        335.0,
        455.0
      ],
      "required_caregivers": [
        {
          "service": "s3",
          "duration": 16.0
        },
        {
          "service": "s6",
          "duration": 16.0
        }
      ],
      "synchronization": {
        "type": "sequential",
        "distance": [
          20,
          40
        ]
      }
    },
    {
      "id": "p49",
      "location": [
        27.0,
        17.0
      ],
      "time_window": [
        124.0,
        244.0
      ],
      "required_caregivers": [
        {
          "service": "s3",
          "duration": 16.0
        },
        {
          "service": "s5",
          "duration": 16.0
        }
      ],
      "synchronization": {
        "type": "sequential",
        "distance": [
          11,
          22
        ]
      }
    },
    {
      "id": "p50",
      "location": [
        0.0,
        0.0
      ],
      "time_window": [
        14.0,
        134.0
      ],
      "required_caregivers": [
        {
          "service": "s1",
          "duration": 16.0
        },
        {
          "service": "s5",
          "duration": 16.0
        }
      ],
      "synchronization": {
        "type": "sequential",
        "distance": [
          9,
          18
        ]
      }
    }
  ],
  "services": [
    {
      "id": "s1",
      "default_duration": 16.0
    },
    {
      "id": "s2",
      "default_duration": 16.0
    },
    {
      "id": "s3",
      "default_duration": 16.0
    },
    {
      "id": "s4",
      "default_duration": 16.0
    },
    {
      "id": "s5",
      "default_duration": 16.0
    },
    {
      "id": "s6",
      "default_duration": 16.0
    }
  ],
  "caregivers": [
    {
      "id": "c1",
      "abilities": [
        "s1",
        "s2",
        "s3"
      ]
    },
    {
      "id": "c2",
      "abilities": [
        "s1",
        "s3"
      ]
    },
    {
      "id": "c3",
      "abilities": [
        "s2"
      ]
    },
    {
      "id": "c4",
      "abilities": [
        "s4",
        "s5",
        "s6"
      ]
    },
    {
      "id": "c5",
      "abilities": [
        "s4",
        "s6"
      ]
    },
    {
      "id": "c6",
      "abilities": [
        "s5"
      ]
    },
    {
      "id": "c7",
      "abilities": [
        "s4",
        "s5",
        "s6"
      ]
    },
    {
      "id": "c8",
      "abilities": [
        "s5",
        "s6"
      ]
    },
    {
      "id": "c9",
      "abilities": [
        "s4",
        "s5",
        "s6"
      ]
    },
    {
      "id": "c10",
      "abilities": [
        "s4",
        "s5"
      ]
    }
  ],
  "central_offices": [
    {
      "id": "d",
      "location": [
        34.0,
        49.0
      ]
    }
  ],
  "distances": [
    [
      0.0,
      24.187,
      6.708,
      25.0,
      25.71,
      63.6,
      64.444,
      65.765,
      49.396,
      55.027,
      23.77,
      59.682,
      44.102,
      45.277,
      15.62,
      4.472,
      12.042,
      59.439,
      34.828,
      24.839,
      26.42,
      33.061,
      44.407,
      43.417,
      45.122,
      37.336,
      23.195,
      23.537,
      27.0,
      17.464,
      22.472,
      43.658,
      37.0,
      62.37,
      19.416,
      45.277,
      16.279,
      15.524,
      39.825,
      22.023,
      65.031,
      11.662,
      22.472,
      65.307,
      58.856,
      58.412,
      54.12,
      45.044,
      28.284,
      32.757,
      59.641
    ],
    [
      24.187,
      0.0,
      18.0,
      42.544,
      49.092,
      82.765,
      80.709,
      83.006,
      69.893,
      77.466,
      3.162,
      80.056,
      68.0,
      59.203,
      36.674,
      28.018,
      12.166,
      82.608,
      54.424,
      44.922,
      48.052,
      37.202,
      64.257,
      43.863,
      43.324,
      44.688,
      47.0,
      27.586,
      4.243,
      24.413,
      24.083,
      66.098,
      61.074,
      85.586,
      40.792,
      62.65,
      36.878,
      23.324,
      23.087,
      17.205,
      89.006,
      34.132,
      24.083,
      88.566,
      82.298,
      77.389,
      45.011,
      69.007,
      17.464,
      33.615,
      47.074
    ],
    [
      6.708,
      18.0,
      0.0,
      27.019,
      31.145,
      66.888,
      66.528,
      68.25,
      53.226,
      59.908,
      17.263,
      63.506,
      50.0,
      46.228,
      19.313,
      10.05,
      6.325,
      64.777,
      38.079,
      28.178,
      30.676,
      30.265,
      47.885,
      40.0,
      41.195,
      35.735,
      29.0,
      20.025,
      21.213,
      14.142,
      18.111,
      48.508,
      43.105,
      67.742,
      23.409,
      47.634,
      19.698,
      12.166,
      33.302,
      16.125,
      71.007,
      16.279,
      18.111,
      70.711,
      64.382,
      61.587,
      48.847,
      51.01,
      22.023,
      29.017,
      53.852
    ],
    [
      25.0,
      42.544,
      27.019,
      0.0,
      17.205,
      40.249,
      39.598,
      41.231,
      27.659,
      37.054,
      40.497,
      37.643,
      33.615,
      20.616,
      10.44,
      21.095,
      33.015,
      43.566,
      12.166,
      5.657,
      10.63,
      21.401,
      21.84,
      31.145,
      34.655,
      19.723,
      18.788,
      20.224,
      46.519,
      19.235,
      23.022,
      26.476,
      29.732,
      46.53,
      9.055,
      20.616,
      9.487,
      19.647,
      46.271,
      29.155,
      53.141,
      14.866,
      23.022,
      49.497,
      44.147,
      34.886,
      48.826,
      34.986,
      35.0,
      25.06,
      56.939
    ],
    [
      25.71,
      49.092,
      31.145,
      17.205,
      0.0,
      41.231,
      45.695,
      45.651,
      26.249,
      29.547,
      48.0,
      36.069,
      19.235,
      33.061,
      13.601,
      21.378,
      37.336,
      33.734,
      16.125,
      11.662,
      7.28,
      38.184,
      22.825,
      48.27,
      51.662,
      36.892,
      3.606,
      34.482,
      52.345,
      31.016,
      36.249,
      18.358,
      13.416,
      36.674,
      10.296,
      27.659,
      13.928,
      30.364,
      59.135,
      40.522,
      40.2,
      15.0,
      36.249,
      39.623,
      33.242,
      36.62,
      65.299,
      20.396,
      47.127,
      41.231,
      73.007
    ],
    [
      63.6,
      82.765,
      66.888,
      40.249,
      41.231,
      0.0,
      12.806,
      8.944,
      15.0,
      20.025,
      80.623,
      7.0,
      35.693,
      28.018,
      48.01,
      59.203,
      73.062,
      25.962,
      28.844,
      38.833,
      37.537,
      53.235,
      19.209,
      57.219,
      61.294,
      46.011,
      44.822,
      57.974,
      86.764,
      58.873,
      61.4,
      25.08,
      40.497,
      26.926,
      44.204,
      20.616,
      47.434,
      59.615,
      83.024,
      68.308,
      38.626,
      52.01,
      61.4,
      28.178,
      28.862,
      5.385,
      76.655,
      36.497,
      73.246,
      58.31,
      85.709
    ],
    [
      64.444,
      80.709,
      66.528,
      39.598,
      45.695,
      12.806,
      0.0,
      4.472,
      22.023,
      31.321,
      78.23,
      18.788,
      45.011,
      21.932,
      49.041,
      60.308,
      72.346,
      38.079,
      30.529,
      40.0,
      40.311,
      47.434,
      23.087,
      49.254,
      53.151,
      39.56,
      49.244,
      54.12,
      84.876,
      56.303,
      57.706,
      33.061,
      48.374,
      39.357,
      45.804,
      19.209,
      48.27,
      57.428,
      77.492,
      64.885,
      50.99,
      53.413,
      57.706,
      40.817,
      40.853,
      12.369,
      68.0,
      46.043,
      68.942,
      52.498,
      77.006
    ],
    [
      65.765,
      83.006,
      68.25,
      41.231,
      45.651,
      8.944,
      4.472,
      0.0,
      20.616,
      28.443,
      80.623,
      15.524,
      43.105,
      25.0,
      50.21,
      61.522,
      74.202,
      34.785,
      31.241,
      41.037,
      40.804,
      50.695,
      22.825,
      53.085,
      57.035,
      42.953,
      49.244,
      56.859,
      87.132,
      58.669,
      60.415,
      31.575,
      47.074,
      35.847,
      46.755,
      20.616,
      49.497,
      59.682,
      80.777,
      67.543,
      47.539,
      54.489,
      60.415,
      37.121,
      37.643,
      10.05,
      72.028,
      44.045,
      71.868,
      55.785,
      81.056
    ],
    [
      49.396,
      69.893,
      53.226,
      27.659,
      26.249,
      15.0,
      22.023,
      20.616,
      0.0,
      12.806,
      68.007,
      10.296,
      23.087,
      23.022,
      34.0,
      44.944,
      59.506,
      20.616,
      15.524,
      25.08,
      23.022,
      44.553,
      6.0,
      50.922,
      55.027,
      38.601,
      29.833,
      47.096,
      73.736,
      46.872,
      50.249,
      11.045,
      26.476,
      23.022,
      30.017,
      13.038,
      33.541,
      47.297,
      73.007,
      56.719,
      33.242,
      37.736,
      50.249,
      25.554,
      22.627,
      10.77,
      70.52,
      24.187,
      62.29,
      49.366,
      79.404
    ],
    [
      55.027,
      77.466,
      59.908,
      37.054,
      29.547,
      20.025,
      31.321,
      28.443,
      12.806,
      0.0,
      75.954,
      13.038,
      17.0,
      35.805,
      40.792,
      50.596,
      66.219,
      7.81,
      25.318,
      33.061,
      29.428,
      56.045,
      17.889,
      63.159,
      67.231,
      50.695,
      32.65,
      57.219,
      81.025,
      56.009,
      60.075,
      11.402,
      23.431,
      10.296,
      36.674,
      25.807,
      40.608,
      56.08,
      83.295,
      66.008,
      20.616,
      43.681,
      60.075,
      13.0,
      10.0,
      18.974,
      82.638,
      17.464,
      72.028,
      60.638,
      91.417
    ],
    [
      23.77,
      3.162,
      17.263,
      40.497,
      48.0,
      80.623,
      78.23,
      80.623,
      68.007,
      75.954,
      0.0,
      78.109,
      67.067,
      56.613,
      35.228,
      27.295,
      12.083,
      81.302,
      52.498,
      43.174,
      46.53,
      34.205,
      62.298,
      40.719,
      40.162,
      41.773,
      46.098,
      24.759,
      7.211,
      21.954,
      21.213,
      64.63,
      60.299,
      84.291,
      39.319,
      60.374,
      35.355,
      21.024,
      20.616,
      14.213,
      88.091,
      33.0,
      21.213,
      87.281,
      81.099,
      75.24,
      42.048,
      68.118,
      14.318,
      30.529,
      44.385
    ],
    [
      59.682,
      80.056,
      63.506,
      37.643,
      36.069,
      7.0,
      18.788,
      15.524,
      10.296,
      13.038,
      78.109,
      0.0,
      28.862,
      29.12,
      44.294,
      55.227,
      69.778,
      19.313,
      25.632,
      35.341,
      33.287,
      53.038,
      15.811,
      58.249,
      62.37,
      46.39,
      39.598,
      56.569,
      83.934,
      56.754,
      59.841,
      18.868,
      34.015,
      20.591,
      40.311,
      20.1,
      43.829,
      57.28,
      82.219,
      66.491,
      32.202,
      48.021,
      59.841,
      22.204,
      22.136,
      7.071,
      77.878,
      29.614,
      71.847,
      58.009,
      86.885
    ],
    [
      44.102,
      68.0,
      50.0,
      33.615,
      19.235,
      35.693,
      45.011,
      43.105,
      23.087,
      17.0,
      67.067,
      28.862,
      0.0,
      41.677,
      32.757,
      40.012,
      56.036,
      17.205,
      25.495,
      28.178,
      23.259,
      54.918,
      24.352,
      64.031,
      67.801,
      51.74,
      21.0,
      52.924,
      71.063,
      50.0,
      55.027,
      12.369,
      7.616,
      19.723,
      29.12,
      32.696,
      32.985,
      49.477,
      78.16,
      59.666,
      21.024,
      34.132,
      55.027,
      22.361,
      15.652,
      33.061,
      82.377,
      1.414,
      66.219,
      58.669,
      90.554
    ],
    [
      45.277,
      59.203,
      46.228,
      20.616,
      33.061,
      28.018,
      21.932,
      25.0,
      23.022,
      35.805,
      56.613,
      29.12,
      41.677,
      0.0,
      31.016,
      41.593,
      51.662,
      43.6,
      17.464,
      23.345,
      26.0,
      25.71,
      18.385,
      29.275,
      33.377,
      18.111,
      36.0,
      32.249,
      63.411,
      34.828,
      35.847,
      30.0,
      41.437,
      46.043,
      28.862,
      10.0,
      30.083,
      36.125,
      55.785,
      43.046,
      55.973,
      35.468,
      35.847,
      48.549,
      45.453,
      23.195,
      48.836,
      43.046,
      47.011,
      30.806,
      57.871
    ],
    [
      15.62,
      36.674,
      19.313,
      10.44,
      13.601,
      48.01,
      49.041,
      50.21,
      34.0,
      40.792,
      35.228,
      44.294,
      32.757,
      31.016,
      0.0,
      11.314,
      25.632,
      46.098,
      19.209,
      9.22,
      11.402,
      26.926,
      28.844,
      37.59,
      40.497,
      27.893,
      13.038,
      21.401,
      40.262,
      17.464,
      22.825,
      29.428,
      26.926,
      49.092,
      4.123,
      29.833,
      1.0,
      16.763,
      45.541,
      26.926,
      53.6,
      4.472,
      22.825,
      52.086,
      46.0,
      42.802,
      53.038,
      33.956,
      33.526,
      29.069,
      60.308
    ],
    [
      4.472,
      28.018,
      10.05,
      21.095,
      21.378,
      59.203,
      60.308,
      61.522,
      44.944,
      50.596,
      27.295,
      55.227,
      40.012,
      41.593,
      11.314,
      0.0,
      16.031,
      55.109,
      30.48,
      20.518,
      21.954,
      31.575,
      40.0,
      42.202,
      44.272,
      35.014,
      19.026,
      22.847,
      31.064,
      17.0,
      22.472,
      39.217,
      33.061,
      58.052,
      15.0,
      41.11,
      12.042,
      15.264,
      41.881,
      23.431,
      61.0,
      7.211,
      22.472,
      61.0,
      54.589,
      54.037,
      54.378,
      41.0,
      30.0,
      31.953,
      60.44
    ],
    [
      12.042,
      12.166,
      6.325,
      33.015,
      37.336,
      73.062,
      72.346,
      74.202,
      59.506,
      66.219,
      12.083,
      69.778,
      56.036,
      51.662,
      25.632,
      16.031,
      0.0,
      71.021,
      44.294,
      34.438,
      37.0,
      33.526,
      54.12,
      42.426,
      43.046,
      39.812,
      35.057,
      23.087,
      15.033,
      17.889,
      20.396,
      54.818,
      49.01,
      73.98,
      29.732,
      53.6,
      26.0,
      16.125,
      30.61,
      16.125,
      77.006,
      22.561,
      20.396,
      76.942,
      70.576,
      67.742,
      48.765,
      57.009,
      20.616,
      31.401,
      52.802
    ],
    [
      59.439,
      82.608,
      64.777,
      43.566,
      33.734,
      25.962,
      38.079,
      34.785,
      20.616,
      7.81,
      81.302,
      19.313,
      17.205,
      43.6,
      46.098,
      55.109,
      71.021,
      0.0,
      32.28,
      39.115,
      35.0,
      63.246,
      25.554,
      70.682,
      74.733,
      58.181,
      36.401,
      63.789,
      85.988,
      62.129,
      66.483,
      17.117,
      24.698,
      3.0,
      42.048,
      33.601,
      46.043,
      62.032,
      89.805,
      72.111,
      13.038,
      48.508,
      66.483,
      6.0,
      3.0,
      25.942,
      90.078,
      17.029,
      78.313,
      67.72,
      98.793
    ],
    [
      34.828,
      54.424,
      38.079,
      12.166,
      16.125,
      28.844,
      30.529,
      31.241,
      15.524,
      25.318,
      52.498,
      25.632,
      25.495,
      17.464,
      19.209,
      30.48,
      44.294,
      32.28,
      0.0,
      10.0,
      9.849,
      31.016,
      9.849,
      39.115,
      43.046,
      26.627,
      19.416,
      32.016,
      58.31,
      31.401,
      35.014,
      15.652,
      24.166,
      35.171,
      15.556,
      11.705,
      18.601,
      31.78,
      58.078,
      41.304,
      42.942,
      23.345,
      35.014,
      38.079,
      33.242,
      23.601,
      58.138,
      26.907,
      47.043,
      35.44,
      66.708
    ],
    [
      24.839,
      44.922,
      28.178,
      5.657,
      11.662,
      38.833,
      40.0,
      41.037,
      25.08,
      33.061,
      43.174,
      35.341,
      28.178,
      23.345,
      9.22,
      20.518,
      34.438,
      39.115,
      10.0,
      0.0,
      5.0,
      27.019,
      19.723,
      36.797,
      40.311,
      25.239,
      13.601,
      25.0,
      48.703,
      23.022,
      27.459,
      22.023,
      24.083,
      42.107,
      5.831,
      20.809,
      8.602,
      23.022,
      50.804,
      33.015,
      48.083,
      13.454,
      27.459,
      45.1,
      39.459,
      33.601,
      54.406,
      29.53,
      39.205,
      30.529,
      62.434
    ],
    [
      26.42,
      48.052,
      30.676,
      10.63,
      7.28,
      37.537,
      40.311,
      40.804,
      23.022,
      29.428,
      46.53,
      33.287,
      23.259,
      26.0,
      11.402,
      21.954,
      37.0,
      35.0,
      9.849,
      5.0,
      0.0,
      32.016,
      18.385,
      41.725,
      45.277,
      30.0,
      10.0,
      29.732,
      51.662,
      27.295,
      32.016,
      18.111,
      19.105,
      38.0,
      7.28,
      21.541,
      11.18,
      27.074,
      55.317,
      37.216,
      43.417,
      14.765,
      32.016,
      41.0,
      35.128,
      32.527,
      59.405,
      24.597,
      43.566,
      35.511,
      67.417
    ],
    [
      33.061,
      37.202,
      30.265,
      21.401,
      38.184,
      53.235,
      47.434,
      50.695,
      44.553,
      56.045,
      34.205,
      53.038,
      54.918,
      25.71,
      26.926,
      31.575,
      33.526,
      63.246,
      31.016,
      27.019,
      32.016,
      0.0,
      38.639,
      10.77,
      13.601,
      8.062,
      39.051,
      10.44,
      41.4,
      16.125,
      13.416,
      46.615,
      51.088,
      66.098,
      28.425,
      33.0,
      26.077,
      18.111,
      30.083,
      20.0,
      73.824,
      29.547,
      13.416,
      68.964,
      64.257,
      48.094,
      27.459,
      56.303,
      22.204,
      5.099,
      35.777
    ],
    [
      44.407,
      64.257,
      47.885,
      21.84,
      22.825,
      19.209,
      23.087,
      22.825,
      6.0,
      17.889,
      62.298,
      15.811,
      24.352,
      18.385,
      28.844,
      40.0,
      54.12,
      25.554,
      9.849,
      19.723,
      18.385,
      38.639,
      0.0,
      45.31,
      49.396,
      32.894,
      26.42,
      41.11,
      68.154,
      41.0,
      44.283,
      12.083,
      26.019,
      28.178,
      25.0,
      8.602,
      28.302,
      41.485,
      67.007,
      50.804,
      37.643,
      32.802,
      44.283,
      30.871,
      27.203,
      14.142,
      64.846,
      25.632,
      56.321,
      43.417,
      73.682
    ],
    [
      43.417,
      43.863,
      40.0,
      31.145,
      48.27,
      57.219,
      49.254,
      53.085,
      50.922,
      63.159,
      40.719,
      58.249,
      64.031,
      29.275,
      37.59,
      42.202,
      42.426,
      70.682,
      39.115,
      36.797,
      41.725,
      10.77,
      45.31,
      0.0,
      4.123,
      12.53,
      49.406,
      20.025,
      47.854,
      26.077,
      22.091,
      54.708,
      60.811,
      73.41,
      38.833,
      38.328,
      36.715,
      28.071,
      30.806,
      27.203,
      81.988,
      40.311,
      22.091,
      76.158,
      72.007,
      52.469,
      19.647,
      65.437,
      26.926,
      11.045,
      28.636
    ],
    [
      45.122,
      43.324,
      41.195,
      34.655,
      51.662,
      61.294,
      53.151,
      57.035,
      55.027,
      67.231,
      40.162,
      62.37,
      67.801,
      33.377,
      40.497,
      44.272,
      43.046,
      74.733,
      43.046,
      40.311,
      45.277,
      13.601,
      49.396,
      4.123,
      0.0,
      16.553,
      52.631,
      21.587,
      47.17,
      27.659,
      23.087,
      58.669,
      64.382,
      77.473,
      42.012,
      42.45,
      39.661,
      29.614,
      28.32,
      27.295,
      85.959,
      42.942,
      23.087,
      80.231,
      76.026,
      56.569,
      15.524,
      69.203,
      26.0,
      12.369,
      24.515
    ],
    [
      37.336,
      44.688,
      35.735,
      19.723,
      36.892,
      46.011,
      39.56,
      42.953,
      38.601,
      50.695,
      41.773,
      46.39,
      51.74,
      18.111,
      27.893,
      35.014,
      39.812,
      58.181,
      26.627,
      25.239,
      30.0,
      8.062,
      32.894,
      12.53,
      16.553,
      0.0,
      38.471,
      17.205,
      48.918,
      21.932,
      20.616,
      42.19,
      48.918,
      60.926,
      28.231,
      26.306,
      26.926,
      23.77,
      37.947,
      27.586,
      69.462,
      31.401,
      20.616,
      63.695,
      59.481,
      41.012,
      31.953,
      53.151,
      30.232,
      13.0,
      40.804
    ],
    [
      23.195,
      47.0,
      29.0,
      18.788,
      3.606,
      44.822,
      49.244,
      49.244,
      29.833,
      32.65,
      46.098,
      39.598,
      21.0,
      36.0,
      13.038,
      19.026,
      35.057,
      36.401,
      19.416,
      13.601,
      10.0,
      39.051,
      26.42,
      49.406,
      52.631,
      38.471,
      0.0,
      34.409,
      50.09,
      30.414,
      35.847,
      21.633,
      14.318,
      39.294,
      10.63,
      31.048,
      13.601,
      29.547,
      58.31,
      39.56,
      42.012,
      13.342,
      35.847,
      42.202,
      35.693,
      40.224,
      65.795,
      22.023,
      46.239,
      41.725,
      73.246
    ],
    [
      23.537,
      27.586,
      20.025,
      20.224,
      34.482,
      57.974,
      54.12,
      56.859,
      47.096,
      57.219,
      24.759,
      56.569,
      52.924,
      32.249,
      21.401,
      22.847,
      23.087,
      63.789,
      32.016,
      25.0,
      29.732,
      10.44,
      41.11,
      20.025,
      21.587,
      17.205,
      34.409,
      0.0,
      31.828,
      6.083,
      3.606,
      46.69,
      47.885,
      66.753,
      24.187,
      37.363,
      20.809,
      8.062,
      26.077,
      10.817,
      73.082,
      22.672,
      3.606,
      69.721,
      64.327,
      52.631,
      32.016,
      54.231,
      15.297,
      9.22,
      38.949
    ],
    [
      27.0,
      4.243,
      21.213,
      46.519,
      52.345,
      86.764,
      84.876,
      87.132,
      73.736,
      81.025,
      7.211,
      83.934,
      71.063,
      63.411,
      40.262,
      31.064,
      15.033,
      85.988,
      58.31,
      48.703,
      51.662,
      41.4,
      68.154,
      47.854,
      47.17,
      48.918,
      50.09,
      31.828,
      0.0,
      28.601,
      28.32,
      69.635,
      64.0,
      88.955,
      44.385,
      66.731,
      40.522,
      27.459,
      25.318,
      21.401,
      92.022,
      37.483,
      28.32,
      91.924,
      85.586,
      81.394,
      48.042,
      72.028,
      21.19,
      37.736,
      49.497
    ],
    [
      17.464,
      24.413,
      14.142,
      19.235,
      31.016,
      58.873,
      56.303,
      58.669,
      46.872,
      56.009,
      21.954,
      56.754,
      50.0,
      34.828,
      17.464,
      17.0,
      17.889,
      62.129,
      31.401,
      23.022,
      27.295,
      16.125,
      41.0,
      26.077,
      27.659,
      21.932,
      30.414,
      6.083,
      28.601,
      0.0,
      5.657,
      45.044,
      44.385,
      65.123,
      20.881,
      38.484,
      17.088,
      2.0,
      28.16,
      10.0,
      70.612,
      17.804,
      5.657,
      68.118,
      62.394,
      53.488,
      37.443,
      51.245,
      16.279,
      15.297,
      43.863
    ],
    [
      22.472,
      24.083,
      18.111,
      23.022,
      36.249,
      61.4,
      57.706,
      60.415,
      50.249,
      60.075,
      21.213,
      59.841,
      55.027,
      35.847,
      22.825,
      22.472,
      20.396,
      66.483,
      35.014,
      27.459,
      32.016,
      13.416,
      44.283,
      22.091,
      23.087,
      20.616,
      35.847,
      3.606,
      28.32,
      5.657,
      0.0,
      49.366,
      49.659,
      69.462,
      26.0,
      40.804,
      22.361,
      7.211,
      23.345,
      7.211,
      75.432,
      23.431,
      0.0,
      72.443,
      66.91,
      56.045,
      31.906,
      56.303,
      12.042,
      11.045,
      38.21
    ],
    [
      43.658,
      66.098,
      48.508,
      26.476,
      18.358,
      25.08,
      33.061,
      31.575,
      11.045,
      11.402,
      64.63,
      18.868,
      12.369,
      30.0,
      29.428,
      39.217,
      54.818,
      17.117,
      15.652,
      22.023,
      18.111,
      46.615,
      12.083,
      54.708,
      58.669,
      42.19,
      21.633,
      46.69,
      69.635,
      45.044,
      49.366,
      0.0,
      15.524,
      20.1,
      25.318,
      20.591,
      29.275,
      45.0,
      72.691,
      55.036,
      27.295,
      32.28,
      49.366,
      23.087,
      17.72,
      21.587,
      73.79,
      13.601,
      61.205,
      50.922,
      82.347
    ],
    [
      37.0,
      61.074,
      43.105,
      29.732,
      13.416,
      40.497,
      48.374,
      47.074,
      26.476,
      23.431,
      60.299,
