{
  "patients": [
    {
      "id": "p1",
      "location": [
        74.0,
        3.0
      ],
      "time_window": [
        287.0,
        407.0
      ],
      "required_caregivers": [
        {
          "service": "s6",
          "duration": 10.0
        }
      ]
    },
    {
      "id": "p2",
      "location": [
        6.0,
        40.0
      ],
      "time_window": [
        172.0,
        292.0
      ],
      "required_caregivers": [
        {
          "service": "s5",
          "duration": 10.0
        }
      ]
    },
    {
      "id": "p3",
      "location": [
        54.0,
        18.0
      ],
      "time_window": [
        194.0,
        314.0
      ],
      "required_caregivers": [
        {
          "service": "s3",
          "duration": 10.0
        }
      ]
    },
    {
      "id": "p4",
      "location": [
        22.0,
        44.0
      ],
      "time_window": [
        464.0,
        584.0
      ],
      "required_caregivers": [
        {
          "service": "s3",
          "duration": 10.0
        }
      ]
    },
    {
      "id": "p5",
      "location": [
        31.0,
        49.0
      ],
      "time_window": [
        426.0,
        546.0
      ],
      "required_caregivers": [
        {
          "service": "s1",
          "duration": 10.0
        }
      ]
    },
    {
      "id": "p6",
      "location": [
        47.0,
        23.0
      ],
      "time_window": [
        5.0,
        125.0
      ],
      "required_caregivers": [
        {
          "service": "s6",
          "duration": 10.0
        }
      ]
    },
    {
      "id": "p7",
      "location": [
        28.0,
        20.0
      ],
      "time_window": [
        334.0,
        454.0
      ],
      "required_caregivers": [
        {
          "service": "s5",
          "duration": 10.0
        }
      ]
    },
    {
      "id": "p8",
      "location": [
        78.0,
        14.0
      ],
      "time_window": [
        131.0,
        251.0
      ],
      "required_caregivers": [
        {
          "service": "s6",
          "duration": 10.0
        }
      ]
    },
    {
      "id": "p9",
      "location": [
        17.0,
        29.0
      ],
      "time_window": [
        122.0,
        242.0
      ],
      "required_caregivers": [
        {
          "service": "s3",
          "duration": 10.0
        }
      ]
    },
    {
      "id": "p10",
      "location": [
        8.0,
        16.0
      ],
      "time_window": [
        201.0,
        321.0
      ],
      "required_caregivers": [
        {
          "service": "s4",
          "duration": 10.0
        }
      ]
    },
    {
      "id": "p11",
      "location": [
        8.0,
        5.0
      ],
      "time_window": [
        71.0,
        191.0
      ],
      "required_caregivers": [
        {
          "service": "s6",
          "duration": 10.0
        }
      ]
    },
    {
      "id": "p12",
      "location": [
        61.0,
        13.0
      ],
      "time_window": [
        183.0,
        303.0
      ],
      "required_caregivers": [
        {
          "service": "s4",
          "duration": 10.0
        }
      ]
    },
    {
      "id": "p13",
      "location": [
        80.0,
        28.0
      ],
      "time_window": [
        427.0,
        547.0
      ],
      "required_caregivers": [
        {
          "service": "s2",
          "duration": 10.0
        }
      ]
    },
    {
      "id": "p14",
      "location": [
        15.0,
        48.0
      ],
      "time_window": [
        0.0,
        120.0
      ],
      "required_caregivers": [
        {
          "service": "s1",
          "duration": 10.0
        }
      ]
    },
    {
      "id": "p15",
      "location": [
        89.0,
        4.0
      ],
      "time_window": [
        68.0,
        188.0
      ],
      "required_caregivers": [
        {
          "service": "s3",
          "duration": 10.0
        }
      ]
    },
    {
      "id": "p16",
      "location": [
        57.0,
        38.0
      ],
      "time_window": [
        10.0,
        130.0
      ],
      "required_caregivers": [
        {
          "service": "s5",
          "duration": 10.0
        }
      ]
    },
    {
      "id": "p17",
      "location": [
        7.0,
        11.0
      ],
      "time_window": [
        138.0,
        258.0
      ],
      "required_caregivers": [
        {
          "service": "s1",
          "duration": 10.0
        }
      ]
    },
    {
      "id": "p18",
      "location": [
        46.0,
        43.0
      ],
      "time_window": [
        295.0,
        415.0
      ],
      "required_caregivers": [
        {
          "service": "s2",
          "duration": 10.0
        }
      ]
    },
    {
      "id": "p19",
      "location": [
        69.0,
        40.0
      ],
      "time_window": [
        257.0,
        377.0
      ],
      "required_caregivers": [
        {
          "service": "s6",
          "duration": 10.0
        }
      ]
    },
    {
      "id": "p20",
      "location": [
        84.0,
        3.0
      ],
      "time_window": [
        177.0,
        297.0
      ],
      "required_caregivers": [
        {
          "service": "s4",
          "duration": 10.0
        }
      ]
    },
    {
      "id": "p21",
      "location": [
        70.0,
        24.0
      ],
      "time_window": [
        228.0,
        348.0
      ],
      "required_caregivers": [
        {
          "service": "s1",
          "duration": 10.0
        }
      ]
    },
    {
      "id": "p22",
      "location": [
        41.0,
        24.0
      ],
      "time_window": [
        125.0,
        245.0
      ],
      "required_caregivers": [
        {
          "service": "s6",
          "duration": 10.0
        }
      ]
    },
    {
      "id": "p23",
      "location": [
        52.0,
        20.0
      ],
      "time_window": [
        168.0,
        288.0
      ],
      "required_caregivers": [
        {
          "service": "s1",
          "duration": 10.0
        }
      ]
    },
    {
      "id": "p24",
      "location": [
        53.0,
        38.0
      ],
      "time_window": [
        476.0,
        596.0
      ],
      "required_caregivers": [
        {
          "service": "s3",
          "duration": 10.0
        }
      ]
    },
    {
      "id": "p25",
      "location": [
        25.0,
        18.0
      ],
      "time_window": [
        361.0,
        481.0
      ],
      "required_caregivers": [
        {
          "service": "s2",
          "duration": 10.0
        }
      ]
    },
    {
      "id": "p26",
      "location": [
        12.0,
        23.0
      ],
      "time_window": [
        442.0,
        562.0
      ],
      "required_caregivers": [
        {
          "service": "s5",
          "duration": 10.0
        }
      ]
    },
    {
      "id": "p27",
      "location": [
        3.0,
        41.0
      ],
      "time_window": [
        380.0,
        500.0
      ],
      "required_caregivers": [
        {
          "service": "s3",
          "duration": 10.0
        }
      ]
    },
    {
      "id": "p28",
      "location": [
        59.0,
        1.0
      ],
      "time_window": [
        87.0,
        207.0
      ],
      "required_caregivers": [
        {
          "service": "s4",
          "duration": 10.0
        }
      ]
    },
    {
      "id": "p29",
      "location": [
        47.0,
        42.0
      ],
      "time_window": [
        195.0,
        315.0
      ],
      "required_caregivers": [
        {
          "service": "s4",
          "duration": 10.0
        }
      ]
    },
    {
      "id": "p30",
      "location": [
        99.0,
        26.0
      ],
      "time_window": [
        320.0,
        440.0
      ],
      "required_caregivers": [
        {
          "service": "s3",
          "duration": 10.0
        }
      ]
    },
    {
      "id": "p31",
      "location": [
        7.0,
        40.0
      ],
      "time_window": [
        289.0,
        409.0
      ],
      "required_caregivers": [
        {
          "service": "s2",
          "duration": 10.0
        }
      ]
    },
    {
      "id": "p32",
      "location": [
        98.0,
        5.0
      ],
      "time_window": [
        332.0,
        452.0
      ],
      "required_caregivers": [
        {
          "service": "s3",
          "duration": 10.0
        }
      ]
    },
    {
      "id": "p33",
      "location": [
        33.0,
        47.0
      ],
      "time_window": [
        397.0,
        517.0
      ],
      "required_caregivers": [
        {
          "service": "s2",
          "duration": 10.0
        }
      ]
    },
    {
      "id": "p34",
      "location": [
        44.0,
        8.0
      ],
      "time_window": [
        169.0,
        289.0
      ],
      "required_caregivers": [
        {
          "service": "s2",
          "duration": 10.0
        }
      ]
    },
    {
      "id": "p35",
      "location": [
        49.0,
        35.0
      ],
      "time_window": [
        427.0,
        547.0
      ],
      "required_caregivers": [
        {
          "service": "s2",
          "duration": 10.0
        }
      ]
    },
    {
      "id": "p36",
      "location": [
        58.0,
        16.0
      ],
      "time_window": [
        230.0,
        350.0
      ],
      "required_caregivers": [
        {
          "service": "s5",
          "duration": 10.0
        },
        {
          "service": "s6",
          "duration": 10.0
        }
      ],
      "synchronization": {
        "type": "simultaneous"
      }
    },
    {
      "id": "p37",
      "location": [
        55.0,
        5.0
      ],
      "time_window": [
        466.0,
        586.0
      ],
      "required_caregivers": [
        {
          "service": "s4",
          "duration": 10.0
        },
        {
          "service": "s5",
          "duration": 10.0
        }
      ],
      "synchronization": {
        "type": "simultaneous"
      }
    },
    {
      "id": "p38",
      "location": [
        69.0,
        5.0
      ],
      "time_window": [
        63.0,
        183.0
      ],
      "required_caregivers": [
        {
          "service": "s4",
          "duration": 10.0
        },
        {
          "service": "s5",
          "duration": 10.0
        }
      ],
      "synchronization": {
        "type": "simultaneous"
      }
    },
    {
      "id": "p39",
      "location": [
        13.0,
        44.0
      ],
      "time_window": [
        289.0,
        409.0
      ],
      "required_caregivers": [
        {
          "service": "s4",
          "duration": 10.0
        },
        {
          "service": "s6",
          "duration": 10.0
        }
      ],
      "synchronization": {
        "type": "simultaneous"
      }
    },
    {
      "id": "p40",
      "location": [
        65.0,
        24.0
      ],
      "time_window": [
        433.0,
        553.0
      ],
      "required_caregivers": [
        {
          "service": "s5",
          "duration": 10.0
        },
        {
          "service": "s6",
          "duration": 10.0
        }
      ],
      "synchronization": {
        "type": "simultaneous"
      }
    },
    {
      "id": "p41",
      "location": [
        84.0,
        49.0
      ],
      "time_window": [
        324.0,
        444.0
      ],
      "required_caregivers": [
        {
          "service": "s5",
          "duration": 10.0
        },
        {
          "service": "s6",
          "duration": 10.0
        }
      ],
      "synchronization": {
        "type": "simultaneous"
      }
    },
    {
      "id": "p42",
      "location": [
        56.0,
        23.0
      ],
      "time_window": [
        11.0,
        131.0
      ],
      "required_caregivers": [
        {
          "service": "s4",
          "duration": 10.0
        },
        {
          "service": "s5",
          "duration": 10.0
        }
      ],
      "synchronization": {
        "type": "simultaneous"
      }
    },
    {
      "id": "p43",
      "location": [
        88.0,
        15.0
      ],
      "time_window": [
        270.0,
        390.0
      ],
      "required_caregivers": [
        {
          "service": "s3",
          "duration": 10.0
        },
        {
          "service": "s5",
          "duration": 10.0
        }
      ],
      "synchronization": {
        "type": "sequential",
        "distance": [
          41,
          82
        ]
      }
    },
    {
      "id": "p44",
      "location": [
        91.0,
        6.0
      ],
      "time_window": [
        477.0,
        597.0
      ],
      "required_caregivers": [
        {
          "service": "s3",
          "duration": 10.0
        },
        {
          "service": "s6",
          "duration": 10.0
        }
      ],
      "synchronization": {
        "type": "sequential",
        "distance": [
          50,
          100
        ]
      }
    },
    {
      "id": "p45",
      "location": [
        43.0,
        46.0
      ],
      "time_window": [
        21.0,
        141.0
      ],
      "required_caregivers": [
        {
          "service": "s1",
          "duration": 10.0
        },
        {
          "service": "s6",
          "duration": 10.0
        }
      ],
      "synchronization": {
        "type": "sequential",
        "distance": [
          27,
          54
        ]
      }
    },
    {
      "id": "p46",
      "location": [
        0.0,
        39.0
      ],
      "time_window": [
        38.0,
        158.0
      ],
      "required_caregivers": [
        {
          "service": "s2",
          "duration": 10.0
        },
        {
          "service": "s4",
          "duration": 10.0
        }
      ],
      "synchronization": {
        "type": "sequential",
        "distance": [
          11,
          22
        ]
      }
    },
    {
      "id": "p47",
      "location": [
        0.0,
        42.0
      ],
      "time_window": [
        292.0,
        412.0
      ],
      "required_caregivers": [
        {
          "service": "s3",
          "duration": 10.0
        },
        {
          "service": "s6",
          "duration": 10.0
        }
      ],
      "synchronization": {
        "type": "sequential",
        "distance": [
          7,
          14
        ]
      }
    },
    {
      "id": "p48",
      "location": [
        27.0,
        14.0
      ],
      "time_window": [
        322.0,
        442.0
      ],
      "required_caregivers": [
        {
          "service": "s1",
          "duration": 10.0
        },
        {
          "service": "s4",
          "duration": 10.0
        }
      ],
      "synchronization": {
        "type": "sequential",
        "distance": [
          16,
          32
        ]
      }
    },
    {
      "id": "p49",
      "location": [
        54.0,
        9.0
      ],
      "time_window": [
        53.0,
        173.0
      ],
      "required_caregivers": [
        {
          "service": "s3",
          "duration": 10.0
        },
        {
          "service": "s5",
          "duration": 10.0
        }
      ],
      "synchronization": {
        "type": "sequential",
        "distance": [
          27,
          54
        ]
      }
    },
    {
      "id": "p50",
      "location": [
        0.0,
        0.0
      ],
      "time_window": [
        75.0,
        195.0
      ],
      "required_caregivers": [
        {
          "service": "s1",
          "duration": 10.0
        },
        {
          "service": "s4",
          "duration": 10.0
        }
      ],
      "synchronization": {
        "type": "sequential",
        "distance": [
          53,
          106
        ]
      }
    }
  ],
  "services": [
    {
      "id": "s1",
      "default_duration": 10.0
    },
    {
      "id": "s2",
      "default_duration": 10.0
    },
    {
      "id": "s3",
      "default_duration": 10.0
    },
    {
      "id": "s4",
      "default_duration": 10.0
    },
    {
      "id": "s5",
      "default_duration": 10.0
    },
    {
      "id": "s6",
      "default_duration": 10.0
    }
  ],
  "caregivers": [
    {
      "id": "c1",
      "abilities": [
        "s1",
        "s2"
      ]
    },
    {
      "id": "c2",
      "abilities": [
        "s3"
      ]
    },
    {
      "id": "c3",
      "abilities": [
        "s2"
      ]
    },
    {
      "id": "c4",
      "abilities": [
        "s4",
        "s5",
        "s6"
      ]
    },
    {
      "id": "c5",
      "abilities": [
        "s4",
        "s6"
      ]
    },
    {
      "id": "c6",
      "abilities": [
        "s4",
        "s5",
        "s6"
      ]
    },
    {
      "id": "c7",
      "abilities": [
        "s5"
      ]
    },
    {
      "id": "c8",
      "abilities": [
        "s4",
        "s5",
        "s6"
      ]
    },
    {
      "id": "c9",
      "abilities": [
        "s4"
      ]
    },
    {
      "id": "c10",
      "abilities": [
        "s4",
        "s6"
      ]
    }
  ],
  "central_offices": [
    {
      "id": "d",
      "location": [
        87.0,
        25.0
      ]
    }
  ],
  "distances": [
    [
      0.0,
      25.554,
      82.377,
      33.734,
      67.72,
      60.926,
      40.05,
      59.211,
      14.213,
      70.114,
      79.511,
      81.492,
      28.636,
      7.616,
      75.584,
      21.095,
      32.696,
      81.216,
      44.777,
      23.431,
      22.204,
      17.029,
      46.011,
      35.355,
      36.401,
      62.394,
      75.027,
      85.51,
      36.878,
      43.463,
      12.042,
      81.394,
      22.825,
      58.31,
      46.239,
      39.294,
      30.364,
      37.736,
      26.907,
      76.4,
      22.023,
      24.187,
      31.064,
      10.05,
      19.416,
      48.754,
      88.119,
      88.645,
      61.0,
      36.674,
      90.521
    ],
    [
      25.554,
      0.0,
      77.414,
      25.0,
      66.219,
      62.968,
      33.601,
      49.041,
      11.705,
      62.65,
      67.268,
      66.03,
      16.401,
      25.71,
      74.202,
      15.033,
      38.91,
      67.476,
      48.826,
      37.336,
      10.0,
      21.378,
      39.115,
      27.803,
      40.817,
      51.245,
      65.146,
      80.529,
      15.133,
      47.434,
      33.971,
      76.538,
      24.083,
      60.142,
      30.414,
      40.608,
      20.616,
      19.105,
      5.385,
      73.498,
      22.847,
      47.074,
      26.907,
      18.439,
      17.263,
      53.009,
      82.292,
      83.648,
      48.27,
      20.881,
      74.061
    ],
    [
      82.377,
      77.414,
      0.0,
      52.802,
      16.492,
      26.571,
      44.385,
      29.732,
      76.551,
      15.556,
      24.083,
      35.057,
      61.27,
      74.967,
      12.042,
      90.471,
      51.039,
      29.017,
      40.112,
      63.0,
      86.331,
      65.97,
      38.484,
      50.16,
      47.043,
      29.069,
      18.028,
      3.162,
      65.803,
      41.049,
      94.048,
      1.0,
      98.433,
      27.893,
      49.679,
      43.29,
      57.271,
      60.216,
      72.069,
      8.062,
      61.131,
      78.518,
      52.811,
      85.726,
      91.548,
      37.483,
      6.083,
      6.325,
      33.422,
      57.14,
      40.448
    ],
    [
      33.734,
      25.0,
      52.802,
      0.0,
      41.231,
      38.601,
      8.602,
      26.077,
      24.331,
      38.601,
      46.043,
      47.802,
      8.602,
      27.857,
      49.204,
      37.696,
      20.224,
      47.518,
      26.249,
      26.627,
      33.541,
      17.088,
      14.318,
      2.828,
      20.025,
      29.0,
      42.297,
      55.946,
      17.72,
      25.0,
      45.706,
      51.894,
      45.88,
      35.805,
      14.142,
      17.72,
      4.472,
      13.038,
      19.849,
      48.549,
      12.53,
      43.139,
      5.385,
      34.132,
      38.897,
      30.083,
      57.94,
      59.093,
      27.295,
      9.0,
      56.921
    ],
    [
      67.72,
      66.219,
      16.492,
      41.231,
      0.0,
      10.296,
      32.65,
      24.739,
      63.53,
      15.811,
      31.305,
      41.437,
      49.82,
      60.166,
      8.062,
      78.032,
      35.511,
      36.249,
      24.021,
      47.17,
      74.33,
      52.0,
      27.586,
      38.419,
      31.575,
      26.173,
      23.259,
      19.235,
      56.727,
      25.08,
      79.076,
      15.524,
      85.422,
      11.402,
      42.19,
      28.46,
      45.607,
      51.088,
      61.074,
      9.0,
      47.424,
      62.201,
      39.962,
      72.09,
      78.772,
      21.095,
      22.561,
      22.091,
      30.414,
      47.424,
      49.193
    ],
    [
      60.926,
      62.968,
      26.571,
      38.601,
      10.296,
      0.0,
      30.529,
      29.155,
      58.6,
      24.413,
      40.224,
      49.649,
      46.862,
      53.31,
      16.031,
      73.41,
      28.231,
      44.944,
      16.155,
      39.051,
      70.178,
      46.325,
      26.926,
      35.805,
      24.597,
      31.575,
      32.202,
      29.12,
      55.57,
      17.464,
      71.784,
      25.632,
      80.156,
      2.828,
      43.012,
      22.804,
      42.638,
      50.12,
      58.138,
      18.682,
      42.202,
      53.0,
      36.069,
      66.37,
      73.817,
      12.369,
      32.573,
      31.78,
      35.228,
      46.141,
      57.983
    ],
    [
      40.05,
      33.601,
      44.385,
      8.602,
      32.65,
      30.529,
      0.0,
      19.235,
      32.28,
      30.594,
      39.623,
      42.953,
      17.205,
      33.377,
      40.608,
      46.098,
      18.028,
      41.761,
      20.025,
      27.803,
      42.059,
      23.022,
      6.083,
      5.831,
      16.155,
      22.561,
      35.0,
      47.539,
      25.06,
      19.0,
      52.086,
      43.463,
      54.083,
      27.785,
      15.297,
      12.166,
      13.038,
      19.698,
      28.425,
      39.962,
      18.028,
      45.222,
      9.0,
      41.773,
      47.17,
      23.345,
      49.649,
      50.695,
      21.932,
      15.652,
      52.326
    ],
    [
      59.211,
      49.041,
      29.732,
      26.077,
      24.739,
      29.155,
      19.235,
      0.0,
      50.359,
      14.213,
      20.396,
      25.0,
      33.734,
      52.612,
      30.871,
      63.063,
      34.132,
      22.847,
      29.206,
      45.618,
      58.524,
      42.19,
      13.601,
      24.0,
      30.806,
      3.606,
      16.279,
      32.65,
      36.359,
      29.069,
      71.253,
      29.0,
      71.589,
      27.459,
      20.0,
      25.807,
      30.265,
      30.887,
      43.658,
      28.302,
      37.216,
      63.063,
      28.16,
      60.208,
      64.537,
      30.017,
      33.838,
      35.609,
      6.083,
      28.231,
      34.409
    ],
    [
      14.213,
      11.705,
      76.551,
      24.331,
      63.53,
      58.6,
      32.28,
      50.359,
      0.0,
      62.817,
      70.029,
      70.576,
      17.029,
      14.142,
      71.589,
      14.866,
      31.89,
      71.063,
      43.186,
      27.514,
      12.53,
      12.806,
      38.328,
      26.683,
      34.655,
      53.151,
      66.611,
      79.712,
      23.022,
      41.773,
      24.187,
      75.611,
      21.932,
      55.803,
      34.525,
      35.805,
      20.1,
      24.698,
      12.728,
      71.589,
      16.401,
      35.511,
      23.77,
      10.05,
      15.264,
      47.424,
      81.908,
      82.873,
      51.0,
      24.515,
      79.246
    ],
    [
      70.114,
      62.65,
      15.556,
      38.601,
      15.811,
      24.413,
      30.594,
      14.213,
      62.817,
      0.0,
      15.811,
      25.632,
      46.819,
      63.008,
      19.105,
      76.217,
      41.0,
      20.591,
      32.202,
      53.151,
      71.868,
      53.235,
      24.515,
      36.139,
      37.108,
      13.601,
      7.81,
      18.439,
      50.478,
      32.696,
      82.055,
      14.866,
      84.481,
      24.083,
      34.205,
      32.558,
      43.012,
      44.944,
      57.271,
      15.524,
      48.26,
      69.921,
      39.459,
      72.367,
      77.492,
      31.064,
      19.723,
      21.401,
      18.028,
      42.059,
      33.615
    ],
    [
      79.511,
      67.268,
      24.083,
      46.043,
      31.305,
      40.224,
      39.623,
      20.396,
      70.029,
      15.811,
      0.0,
      11.0,
      53.085,
      72.993,
      32.757,
      81.884,
      53.712,
      5.099,
      46.615,
      65.552,
      77.104,
      62.514,
      33.956,
      44.181,
      50.09,
      17.117,
      8.062,
      25.495,
      53.16,
      46.872,
      91.548,
      24.021,
      90.67,
      39.825,
      36.878,
      45.188,
      50.0,
      48.27,
      61.984,
      28.443,
      57.559,
      82.855,
      48.508,
      80.006,
      83.6,
      46.098,
      24.352,
      27.203,
      19.105,
      46.53,
      17.889
    ],
    [
      81.492,
      66.03,
      35.057,
      47.802,
      41.437,
      49.649,
      42.953,
      25.0,
      70.576,
      25.632,
      11.0,
      0.0,
      53.6,
      75.584,
      43.566,
      81.006,
      59.076,
      6.083,
      53.74,
      70.328,
      76.026,
      64.846,
      38.079,
      46.487,
      55.803,
      21.401,
      18.439,
      36.346,
      51.157,
      53.759,
      93.392,
      35.014,
      90.0,
      48.877,
      36.125,
      50.804,
      51.196,
      47.0,
      61.0,
      39.319,
      60.083,
      87.818,
      51.264,
      80.623,
      83.006,
      53.907,
      34.928,
      37.855,
      21.024,
      46.174,
      9.434
    ],
    [
      28.636,
      16.401,
      61.27,
      8.602,
      49.82,
      46.862,
      17.205,
      33.734,
      17.029,
      46.819,
      53.085,
      53.6,
      0.0,
      24.207,
      57.801,
      29.411,
      25.318,
      54.037,
      33.541,
      28.16,
      25.08,
      14.213,
      22.825,
      11.402,
      26.249,
      36.346,
      50.01,
      64.405,
      12.166,
      32.202,
      40.162,
      60.374,
      37.855,
      44.045,
      17.72,
      25.06,
      4.243,
      10.0,
      11.314,
      57.14,
      11.705,
      42.72,
      11.18,
      27.074,
      30.806,
      37.59,
      66.31,
      67.543,
      34.015,
      8.062,
      62.37
    ],
    [
      7.616,
      25.71,
      74.967,
      27.857,
      60.166,
      53.31,
      33.377,
      52.612,
      14.142,
      63.008,
      72.993,
      75.584,
      24.207,
      0.0,
      68.007,
      25.632,
      25.08,
      74.953,
      37.162,
      16.279,
      25.318,
      10.77,
      39.205,
      29.12,
      28.792,
      55.902,
      68.184,
      78.09,
      34.205,
      35.847,
      19.105,
      73.98,
      29.206,
      50.695,
      41.183,
      31.78,
      25.06,
      33.971,
      25.495,
      68.884,
      15.524,
      21.378,
      24.515,
      15.264,
      24.597,
      41.146,
      80.753,
      81.216,
      54.818,
      32.202,
      84.758
    ],
    [
      75.584,
      74.202,
      12.042,
      49.204,
      8.062,
      16.031,
      40.608,
      30.871,
      71.589,
      19.105,
      32.757,
      43.566,
      57.801,
      68.007,
      0.0,
      86.093,
      43.174,
      37.855,
      31.401,
      54.589,
      82.377,
      60.008,
      35.384,
      46.4,
      39.294,
      31.623,
      25.179,
      13.892,
      64.382,
      32.558,
      86.833,
      11.314,
      93.477,
      18.028,
      49.406,
      36.401,
      53.6,
      58.728,
      69.029,
      4.472,
      55.462,
      69.007,
      48.021,
      80.112,
      86.833,
      28.071,
      17.493,
      16.155,
      36.056,
      55.154,
      50.289
    ],
    [
      21.095,
      15.033,
      90.471,
      37.696,
      78.032,
      73.41,
      46.098,
      63.063,
      14.866,
      76.217,
      81.884,
      81.006,
      29.411,
      25.632,
      86.093,
      0.0,
      46.69,
      82.298,
      58.052,
      41.183,
      5.099,
      27.586,
      52.0,
      40.311,
      49.518,
      65.513,
      79.31,
      93.622,
      30.15,
      56.639,
      24.166,
      89.554,
      9.055,
      70.605,
      45.177,
      50.606,
      33.242,
      34.015,
      20.025,
      85.884,
      31.241,
      45.277,
      38.079,
      11.045,
      2.828,
      62.29,
      95.635,
      96.773,
      62.801,
      35.355,
      89.09
    ],
    [
      32.696,
      38.91,
      51.039,
      20.224,
      35.511,
      28.231,
      18.028,
      34.132,
      31.89,
      41.0,
      53.712,
      59.076,
      25.318,
      25.08,
      43.174,
      46.69,
      0.0,
      56.824,
      12.083,
      12.166,
      44.204,
      19.105,
      21.26,
      18.682,
      4.0,
      37.736,
      47.434,
      54.083,
      37.054,
      10.77,
      43.681,
      50.04,
      52.631,
      25.632,
      32.696,
      8.544,
      22.023,
      33.061,
      35.114,
      44.407,
      16.125,
      29.155,
      15.033,
      38.601,
      46.69,
      16.125,
      57.009,
      57.14,
      38.419,
      29.155,
      68.505
    ],
    [
      81.216,
      67.476,
      29.017,
      47.518,
      36.249,
      44.944,
      41.761,
      22.847,
      71.063,
      20.591,
      5.099,
      6.083,
      54.037,
      74.953,
      37.855,
      82.298,
      56.824,
      0.0,
      50.448,
      68.447,
      77.414,
      64.327,
      36.401,
      45.891,
      53.339,
      19.313,
      13.0,
      30.265,
      52.953,
      50.606,
      93.215,
      29.0,
      91.198,
      44.407,
      37.121,
      48.374,
      51.245,
      48.374,
      62.29,
      33.541,
      59.439,
      85.866,
      50.448,
      81.099,
      84.149,
      50.21,
      28.862,
      31.78,
      20.224,
      47.043,
      13.038
    ],
    [
      44.777,
      48.826,
      40.112,
      26.249,
      24.021,
      16.155,
      20.025,
      29.206,
      43.186,
      32.202,
      46.615,
      53.74,
      33.541,
      37.162,
      31.401,
      58.052,
      12.083,
      50.448,
      0.0,
      23.195,
      55.172,
      30.61,
      19.647,
      23.77,
      8.602,
      32.65,
      39.446,
      43.046,
      43.966,
      1.414,
      55.66,
      39.115,
      64.405,
      13.601,
      35.057,
      8.544,
      29.547,
      39.051,
      44.418,
      33.015,
      26.87,
      38.471,
      22.361,
      50.478,
      58.258,
      4.243,
      46.174,
      46.011,
      34.67,
      34.928,
      62.968
    ],
    [
      23.431,
      37.336,
      63.0,
      26.627,
      47.17,
      39.051,
      27.803,
      45.618,
      27.514,
      53.151,
      65.552,
      70.328,
      28.16,
      16.279,
      54.589,
      41.183,
      12.166,
      68.447,
      23.195,
      0.0,
      39.925,
      16.031,
      32.249,
      26.249,
      16.125,
      49.193,
      59.481,
      66.008,
      40.262,
      22.091,
      33.106,
      62.0,
      45.453,
      36.674,
      40.608,
      20.616,
      26.401,
      37.696,
      35.0,
      56.143,
      16.492,
      17.493,
      21.401,
      31.401,
      40.497,
      26.683,
      69.007,
      69.029,
      49.396,
      34.438,
      79.756
    ],
    [
      22.204,
      10.0,
      86.331,
      33.541,
      74.33,
      70.178,
      42.059,
      58.524,
      12.53,
      71.868,
      77.104,
      76.026,
      25.08,
      25.318,
      82.377,
      5.099,
      44.204,
      77.414,
      55.172,
      39.925,
      0.0,
      25.239,
      47.854,
      36.235,
      46.755,
      60.877,
      74.726,
      89.471,
      25.08,
      53.759,
      27.459,
      85.428,
      14.142,
      67.357,
      40.311,
      47.424,
      29.069,
      29.069,
      15.133,
      81.988,
      28.32,
      46.0,
      34.409,
      12.649,
      7.616,
      59.414,
      91.389,
      92.612,
      58.052,
      30.594,
      84.054
    ],
    [
      17.029,
      21.378,
      65.97,
      17.088,
      52.0,
      46.325,
      23.022,
      42.19,
      12.806,
      53.235,
      62.514,
      64.846,
      14.213,
      10.77,
      60.008,
      27.586,
      19.105,
      64.327,
      30.61,
      16.031,
      25.239,
      0.0,
      29.0,
      18.439,
      22.023,
      45.398,
      58.009,
      69.123,
      25.495,
      29.206,
      29.069,
      65.0,
      33.838,
      43.566,
      30.529,
      23.707,
      14.422,
      24.207,
      19.026,
      60.407,
      5.0,
      28.653,
      14.036,
      20.125,
      27.659,
      34.828,
      71.589,
      72.277,
      44.147,
      21.932,
      74.0
    ],
    [
      46.011,
      39.115,
      38.484,
      14.318,
      27.586,
      26.926,
      6.083,
      13.601,
      38.328,
      24.515,
      33.956,
      38.079,
      22.825,
      39.205,
      35.384,
      52.0,
      21.26,
      36.401,
      19.647,
      32.249,
      47.854,
      29.0,
      0.0,
      11.705,
      18.439,
      17.088,
      29.017,
      41.629,
      29.206,
      18.974,
      58.034,
      37.577,
      60.083,
      24.352,
      16.279,
      13.601,
      18.788,
      23.601,
      33.838,
      34.409,
      24.0,
      49.739,
      15.033,
      47.854,
      53.141,
      22.091,
      43.658,
      44.777,
      17.205,
      19.849,
      47.508
    ],
    [
      35.355,
      27.803,
      50.16,
      2.828,
      38.419,
      35.805,
      5.831,
      24.0,
      26.683,
      36.139,
      44.181,
      46.487,
      11.402,
      29.12,
      46.4,
      40.311,
      18.682,
      45.891,
      23.77,
      26.249,
      36.235,
      18.439,
      11.705,
      0.0,
      18.028,
      27.074,
      40.112,
      53.31,
      20.248,
      22.561,
      47.381,
      49.244,
      48.384,
      33.015,
      14.422,
      15.297,
      7.211,
      15.297,
      22.672,
      45.793,
      13.601,
      43.186,
      5.0,
      36.346,
      41.437,
      27.514,
      55.362,
      56.462,
      25.71,
      11.18,
      55.714
    ],
    [
      36.401,
      40.817,
      47.043,
      20.025,
      31.575,
      24.597,
      16.155,
      30.806,
      34.655,
      37.108,
      50.09,
      55.803,
      26.249,
      28.792,
      39.294,
      49.518,
      4.0,
      53.339,
      8.602,
      16.125,
      46.755,
      22.023,
      18.439,
      18.028,
      0.0,
      34.409,
      43.658,
      50.09,
      37.483,
      7.211,
      47.539,
      46.043,
      55.803,
      21.932,
      31.321,
      5.0,
      22.561,
      33.061,
      36.674,
      40.448,
      18.439,
      32.894,
      15.297,
      41.881,
      49.679,
      12.806,
      53.009,
      53.151,
      35.384,
      29.017,
      65.215
    ],
    [
      62.394,
      51.245,
      29.069,
      29.0,
      26.173,
      31.575,
      22.561,
      3.606,
      53.151,
      13.601,
      17.117,
      21.401,
      36.346,
      55.902,
      31.623,
      65.513,
      37.736,
      19.313,
      32.65,
      49.193,
      60.877,
      45.398,
      17.088,
      27.074,
      34.409,
      0.0,
      13.928,
      31.828,
      38.013,
      32.558,
      74.431,
      28.425,
      74.148,
      30.083,
      21.471,
      29.411,
      33.061,
      32.696,
      45.88,
      28.636,
      40.448,
      66.648,
      31.401,
      63.071,
      67.082,
      33.287,
      32.65,
      34.655,
      4.472,
      30.364,
      30.806
    ],
    [
      75.027,
      65.146,
      18.028,
      42.297,
      23.259,
      32.202,
      35.0,
      16.279,
      66.611,
      7.81,
      8.062,
      18.439,
      50.01,
      68.184,
      25.179,
      79.31,
      47.434,
      13.0,
      39.446,
      59.481,
      74.726,
      58.009,
      29.017,
      40.112,
      43.658,
      13.928,
      0.0,
      20.125,
      51.894,
      39.825,
      87.052,
      17.72,
      87.864,
      31.89,
      35.341,
      38.897,
      46.53,
      46.615,
      59.775,
      21.024,
      53.009,
      76.551,
      44.0,
      76.42,
      80.808,
      38.601,
      20.0,
      22.472,
      17.493,
      44.272,
      25.942
    ],
    [
      85.51,
      80.529,
      3.162,
      55.946,
      19.235,
      29.12,
      47.539,
      32.65,
      79.712,
      18.439,
      25.495,
      36.346,
      64.405,
      78.09,
      13.892,
      93.622,
      54.083,
      30.265,
      43.046,
      66.008,
      89.471,
      69.123,
      41.629,
      53.31,
      50.09,
      31.828,
      20.125,
      0.0,
      68.819,
      44.011,
      97.165,
      4.123,
      101.592,
      30.594,
      52.631,
      46.39,
      60.415,
      63.246,
      75.18,
      10.44,
      64.288,
      81.394,
      55.973,
      88.888,
      94.705,
      40.311,
      3.606,
      3.162,
      36.125,
      60.208,
      41.11
    ],
    [
      36.878,
      15.133,
      65.803,
      17.72,
      56.727,
      55.57,
      25.06,
      36.359,
      23.022,
      50.478,
      53.16,
      51.157,
      12.166,
      34.205,
      64.382,
      30.15,
      37.054,
      52.953,
      43.966,
      40.262,
      25.08,
      25.495,
      29.206,
      20.248,
      37.483,
      38.013,
      51.894,
      68.819,
      0.0,
      42.72,
      47.17,
      65.0,
      39.205,
      52.839,
      16.553,
      35.44,
      15.033,
      5.657,
      10.77,
      62.968,
      23.77,
      54.12,
      22.204,
      32.202,
      32.388,
      47.76,
      70.178,
      71.847,
      34.54,
      9.434,
      59.008
    ],
    [
      43.463,
      47.434,
      41.049,
      25.0,
      25.08,
      17.464,
      19.0,
      29.069,
      41.773,
      32.696,
      46.872,
      53.759,
      32.202,
      35.847,
      32.558,
      56.639,
      10.77,
      50.606,
      1.414,
      22.091,
      53.759,
      29.206,
      18.974,
      22.561,
      7.211,
      32.558,
      39.825,
      44.011,
      42.72,
      0.0,
      54.406,
      40.05,
      63.008,
      14.866,
      34.132,
      7.28,
      28.231,
      37.855,
      43.046,
      34.059,
      25.456,
      37.656,
      21.024,
      49.092,
      56.851,
      5.657,
      47.096,
      47.0,
      34.409,
      33.734,
      63.032
    ],
    [
      12.042,
      33.971,
      94.048,
      45.706,
      79.076,
      71.784,
      52.086,
      71.253,
      24.187,
      82.055,
      91.548,
      93.392,
      40.162,
      19.105,
      86.833,
      24.166,
      43.681,
      93.215,
      55.66,
      33.106,
      27.459,
      29.069,
      58.034,
      47.381,
      47.539,
      74.431,
      87.052,
      97.165,
      47.17,
      54.406,
      0.0,
      93.059,
      21.024,
      69.26,
      57.871,
      50.804,
      42.202,
      48.754,
      36.62,
      87.864,
      34.059,
      27.459,
      43.105,
      15.556,
      21.541,
      59.464,
      99.85,
      100.285,
      72.993,
      48.104,
      102.357
    ],
    [
      81.394,
      76.538,
      1.0,
      51.894,
      15.524,
      25.632,
      43.463,
      29.0,
      75.611,
      14.866,
      24.021,
      35.014,
      60.374,
      73.98,
      11.314,
      89.554,
      50.04,
      29.0,
      39.115,
      62.0,
      85.428,
      65.0,
      37.577,
      49.244,
      46.043,
      28.425,
      17.72,
      4.123,
      65.0,
      40.05,
      93.059,
      0.0,
      97.499,
      26.926,
      48.918,
      42.297,
      56.365,
      59.405,
      71.197,
      7.211,
      60.166,
      77.524,
      51.865,
      84.77,
      90.62,
      36.497,
      7.071,
      7.28,
      32.802,
      56.303,
      40.608
    ],
    [
      22.825,
      24.083,
      98.433,
      45.88,
      85.422,
      80.156,
      54.083,
      71.589,
      21.932,
      84.481,
      90.67,
      90.0,
      37.855,
