{
  "patients": [
    {
      "id": "p1",
      "location": [
        66.0,
        49.0
      ],
      "time_window": [
        451.0,
        571.0
      ],
      "required_caregivers": [
        {
          "service": "s2",
          "duration": 19.0
        }
      ]
    },
    {
      "id": "p2",
      "location": [
        41.0,
        18.0
      ],
      "time_window": [
        156.0,
        276.0
      ],
      "required_caregivers": [
        {
          "service": "s1",
          "duration": 19.0
        }
      ]
    },
    {
      "id": "p3",
      "location": [
        77.0,
        49.0
      ],
      "time_window": [
        146.0,
        266.0
      ],
      "required_caregivers": [
        {
          "service": "s3",
          "duration": 19.0
        }
      ]
    },
    {
      "id": "p4",
      "location": [
        90.0,
        19.0
      ],
      "time_window": [
        18.0,
        138.0
      ],
      "required_caregivers": [
        {
          "service": "s1",
          "duration": 19.0
        }
      ]
    },
    {
      "id": "p5",
      "location": [
        8.0,
        29.0
      ],
      "time_window": [
        1.0,
        121.0
      ],
      "required_caregivers": [
        {
          "service": "s2",
          "duration": 19.0
        }
      ]
    },
    {
      "id": "p6",
      "location": [
        12.0,
        36.0
      ],
      "time_window": [
        83.0,
        203.0
      ],
      "required_caregivers": [
        {
          "service": "s6",
          "duration": 19.0
        }
      ]
    },
    {
      "id": "p7",
      "location": [
        29.0,
        36.0
      ],
      "time_window": [
        137.0,
        257.0
      ],
      "required_caregivers": [
        {
          "service": "s6",
          "duration": 19.0
        }
      ]
    },
    {
      "id": "p8",
      "location": [
        53.0,
        18.0
      ],
      "time_window": [
        124.0,
        244.0
      ],
      "required_caregivers": [
        {
          "service": "s5",
          "duration": 19.0
        }
      ]
    },
    {
      "id": "p9",
      "location": [
        51.0,
        29.0
      ],
      "time_window": [
        310.0,
        430.0
      ],
      "required_caregivers": [
        {
          "service": "s5",
          "duration": 19.0
        }
      ]
    },
    {
      "id": "p10",
      "location": [
        9.0,
        5.0
      ],
      "time_window": [
        401.0,
        521.0
      ],
      "required_caregivers": [
        {
          "service": "s6",
          "duration": 19.0
        }
      ]
    },
    {
      "id": "p11",
      "location": [
        97.0,
        37.0
      ],
      "time_window": [
        28.0,
        148.0
      ],
      "required_caregivers": [
        {
          "service": "s5",
          "duration": 19.0
        }
      ]
    },
    {
      "id": "p12",
      "location": [
        96.0,
        4.0
      ],
      "time_window": [
        428.0,
        548.0
      ],
      "required_caregivers": [
        {
          "service": "s3",
          "duration": 19.0
        }
      ]
    },
    {
      "id": "p13",
      "location": [
        92.0,
        44.0
      ],
      "time_window": [
        72.0,
        192.0
      ],
      "required_caregivers": [
        {
          "service": "s1",
          "duration": 19.0
        }
      ]
    },
    {
      "id": "p14",
      "location": [
        31.0,
        17.0
      ],
      "time_window": [
        471.0,
        591.0
      ],
      "required_caregivers": [
        {
          "service": "s4",
          "duration": 19.0
        }
      ]
    },
    {
      "id": "p15",
      "location": [
        64.0,
        26.0
      ],
      "time_window": [
        349.0,
        469.0
      ],
      "required_caregivers": [
        {
          "service": "s2",
          "duration": 19.0
        }
      ]
    },
    {
      "id": "p16",
      "location": [
        16.0,
        18.0
      ],
      "time_window": [
        24.0,
        144.0
      ],
      "required_caregivers": [
        {
          "service": "s1",
          "duration": 19.0
        }
      ]
    },
    {
      "id": "p17",
      "location": [
        73.0,
        0.0
      ],
      "time_window": [
        173.0,
        293.0
      ],
      "required_caregivers": [
        {
          "service": "s6",
          "duration": 19.0
        }
      ]
    },
    {
      "id": "p18",
      "location": [
        54.0,
        10.0
      ],
      "time_window": [
        120.0,
        240.0
      ],
      "required_caregivers": [
        {
          "service": "s1",
          "duration": 19.0
        }
      ]
    },
    {
      "id": "p19",
      "location": [
        61.0,
        37.0
      ],
      "time_window": [
        271.0,
        391.0
      ],
      "required_caregivers": [
        {
          "service": "s2",
          "duration": 19.0
        }
      ]
    },
    {
      "id": "p20",
      "location": [
        70.0,
        43.0
      ],
      "time_window": [
        98.0,
        218.0
      ],
      "required_caregivers": [
        {
          "service": "s3",
          "duration": 19.0
        }
      ]
    },
    {
      "id": "p21",
      "location": [
        51.0,
        21.0
      ],
      "time_window": [
        249.0,
        369.0
      ],
      "required_caregivers": [
        {
          "service": "s4",
          "duration": 19.0
        }
      ]
    },
    {
      "id": "p22",
      "location": [
        5.0,
        47.0
      ],
      "time_window": [
        128.0,
        248.0
      ],
      "required_caregivers": [
        {
          "service": "s3",
          "duration": 19.0
        }
      ]
    },
    {
      "id": "p23",
      "location": [
        66.0,
        38.0
      ],
      "time_window": [
        337.0,
        457.0
      ],
      "required_caregivers": [
        {
          "service": "s2",
          "duration": 19.0
        }
      ]
    },
    {
      "id": "p24",
      "location": [
        88.0,
        47.0
      ],
      "time_window": [
        379.0,
        499.0
      ],
      "required_caregivers": [
        {
          "service": "s2",
          "duration": 19.0
        }
      ]
    },
    {
      "id": "p25",
      "location": [
        32.0,
        39.0
      ],
      "time_window": [
        56.0,
        176.0
      ],
      "required_caregivers": [
        {
          "service": "s3",
          "duration": 19.0
        }
      ]
    },
    {
      "id": "p26",
      "location": [
        35.0,
        11.0
      ],
      "time_window": [
        258.0,
        378.0
      ],
      "required_caregivers": [
        {
          "service": "s1",
          "duration": 19.0
        }
      ]
    },
    {
      "id": "p27",
      "location": [
        66.0,
        34.0
      ],
      "time_window": [
        52.0,
        172.0
      ],
      "required_caregivers": [
        {
          "service": "s5",
          "duration": 19.0
        }
      ]
    },
    {
      "id": "p28",
      "location": [
        59.0,
        24.0
      ],
      "time_window": [
        377.0,
        497.0
      ],
      "required_caregivers": [
        {
          "service": "s6",
          "duration": 19.0
        }
      ]
    },
    {
      "id": "p29",
      "location": [
        65.0,
        37.0
      ],
      "time_window": [
        471.0,
        591.0
      ],
      "required_caregivers": [
        {
          "service": "s4",
          "duration": 19.0
        }
      ]
    },
    {
      "id": "p30",
      "location": [
        13.0,
        26.0
      ],
      "time_window": [
        92.0,
        212.0
      ],
      "required_caregivers": [
        {
          "service": "s3",
          "duration": 19.0
        }
      ]
    },
    {
      "id": "p31",
      "location": [
        15.0,
        38.0
      ],
      "time_window": [
        104.0,
        224.0
      ],
      "required_caregivers": [
        {
          "service": "s3",
          "duration": 19.0
        }
      ]
    },
    {
      "id": "p32",
      "location": [
        35.0,
        2.0
      ],
      "time_window": [
        304.0,
        424.0
      ],
      "required_caregivers": [
        {
          "service": "s5",
          "duration": 19.0
        }
      ]
    },
    {
      "id": "p33",
      "location": [
        64.0,
        16.0
      ],
      "time_window": [
        156.0,
        276.0
      ],
      "required_caregivers": [
        {
          "service": "s1",
          "duration": 19.0
        }
      ]
    },
    {
      "id": "p34",
      "location": [
        21.0,
        48.0
      ],
      "time_window": [
        233.0,
        353.0
      ],
      "required_caregivers": [
        {
          "service": "s6",
          "duration": 19.0
        }
      ]
    },
    {
      "id": "p35",
      "location": [
        33.0,
        0.0
      ],
      "time_window": [
        53.0,
        173.0
      ],
      "required_caregivers": [
        {
          "service": "s6",
          "duration": 19.0
        }
      ]
    },
    {
      "id": "p36",
      "location": [
        26.0,
        3.0
      ],
      "time_window": [
        79.0,
        199.0
      ],
      "required_caregivers": [
        {
          "service": "s4",
          "duration": 19.0
        },
        {
          "service": "s6",
          "duration": 19.0
        }
      ],
      "synchronization": {
        "type": "simultaneous"
      }
    },
    {
      "id": "p37",
      "location": [
        18.0,
        19.0
      ],
      "time_window": [
        214.0,
        334.0
      ],
      "required_caregivers": [
        {
          "service": "s4",
          "duration": 19.0
        },
        {
          "service": "s6",
          "duration": 19.0
        }
      ],
      "synchronization": {
        "type": "simultaneous"
      }
    },
    {
      "id": "p38",
      "location": [
        86.0,
        38.0
      ],
      "time_window": [
        419.0,
        539.0
      ],
      "required_caregivers": [
        {
          "service": "s5",
          "duration": 19.0
        },
        {
          "service": "s6",
          "duration": 19.0
        }
      ],
      "synchronization": {
        "type": "simultaneous"
      }
    },
    {
      "id": "p39",
      "location": [
        16.0,
        13.0
      ],
      "time_window": [
        101.0,
        221.0
      ],
      "required_caregivers": [
        {
          "service": "s4",
          "duration": 19.0
        },
        {
          "service": "s6",
          "duration": 19.0
        }
      ],
      "synchronization": {
        "type": "simultaneous"
      }
    },
    {
      "id": "p40",
      "location": [
        56.0,
        11.0
      ],
      "time_window": [
        314.0,
        434.0
      ],
      "required_caregivers": [
        {
          "service": "s4",
          "duration": 19.0
        },
        {
          "service": "s5",
          "duration": 19.0
        }
      ],
      "synchronization": {
        "type": "simultaneous"
      }
    },
    {
      "id": "p41",
      "location": [
        14.0,
        46.0
      ],
      "time_window": [
        270.0,
        390.0
      ],
      "required_caregivers": [
        {
          "service": "s4",
          "duration": 19.0
        },
        {
          "service": "s5",
          "duration": 19.0
        }
      ],
      "synchronization": {
        "type": "simultaneous"
      }
    },
    {
      "id": "p42",
      "location": [
        17.0,
        2.0
      ],
      "time_window": [
        466.0,
        586.0
      ],
      "required_caregivers": [
        {
          "service": "s4",
          "duration": 19.0
        },
        {
          "service": "s6",
          "duration": 19.0
        }
      ],
      "synchronization": {
        "type": "simultaneous"
      }
    },
    {
      "id": "p43",
      "location": [
        17.0,
        0.0
      ],
      "time_window": [
        31.0,
        151.0
      ],
      "required_caregivers": [
        {
          "service": "s2",
          "duration": 19.0
        },
        {
          "service": "s5",
          "duration": 19.0
        }
      ],
      "synchronization": {
        "type": "sequential",
        "distance": [
          10,
          20
        ]
      }
    },
    {
      "id": "p44",
      "location": [
        16.0,
        49.0
      ],
      "time_window": [
        192.0,
        312.0
      ],
      "required_caregivers": [
        {
          "service": "s3",
          "duration": 19.0
        },
        {
          "service": "s5",
          "duration": 19.0
        }
      ],
      "synchronization": {
        "type": "sequential",
        "distance": [
          2,
          4
        ]
      }
    },
    {
      "id": "p45",
      "location": [
        12.0,
        5.0
      ],
      "time_window": [
        125.0,
        245.0
      ],
      "required_caregivers": [
        {
          "service": "s2",
          "duration": 19.0
        },
        {
          "service": "s4",
          "duration": 19.0
        }
      ],
      "synchronization": {
        "type": "sequential",
        "distance": [
          21,
          42
        ]
      }
    },
    {
      "id": "p46",
      "location": [
        81.0,
        45.0
      ],
      "time_window": [
        214.0,
        334.0
      ],
      "required_caregivers": [
        {
          "service": "s3",
          "duration": 19.0
        },
        {
          "service": "s4",
          "duration": 19.0
        }
      ],
      "synchronization": {
        "type": "sequential",
        "distance": [
          10,
          20
        ]
      }
    },
    {
      "id": "p47",
      "location": [
        89.0,
        20.0
      ],
      "time_window": [
        206.0,
        326.0
      ],
      "required_caregivers": [
        {
          "service": "s1",
          "duration": 19.0
        },
        {
          "service": "s6",
          "duration": 19.0
        }
      ],
      "synchronization": {
        "type": "sequential",
        "distance": [
          59,
          118
        ]
      }
    },
    {
      "id": "p48",
      "location": [
        96.0,
        46.0
      ],
      "time_window": [
        88.0,
        208.0
      ],
      "required_caregivers": [
        {
          "service": "s3",
          "duration": 19.0
        },
        {
          "service": "s4",
          "duration": 19.0
        }
      ],
      "synchronization": {
        "type": "sequential",
        "distance": [
          19,
          38
        ]
      }
    },
    {
      "id": "p49",
      "location": [
        14.0,
        38.0
      ],
      "time_window": [
        88.0,
        208.0
      ],
      "required_caregivers": [
        {
          "service": "s1",
          "duration": 19.0
        },
        {
          "service": "s6",
          "duration": 19.0
        }
      ],
      "synchronization": {
        "type": "sequential",
        "distance": [
          19,
          38
        ]
      }
    },
    {
      "id": "p50",
      "location": [
        0.0,
        0.0
      ],
      "time_window": [
        45.0,
        165.0
      ],
      "required_caregivers": [
        {
          "service": "s1",
          "duration": 19.0
        },
        {
          "service": "s6",
          "duration": 19.0
        }
      ],
      "synchronization": {
        "type": "sequential",
        "distance": [
          2,
          4
        ]
      }
    }
  ],
  "services": [
    {
      "id": "s1",
      "default_duration": 19.0
    },
    {
      "id": "s2",
      "default_duration": 19.0
    },
    {
      "id": "s3",
      "default_duration": 19.0
    },
    {
      "id": "s4",
      "default_duration": 19.0
    },
    {
      "id": "s5",
      "default_duration": 19.0
    },
    {
      "id": "s6",
      "default_duration": 19.0
    }
  ],
  "caregivers": [
    {
      "id": "c1",
      "abilities": [
        "s1"
      ]
    },
    {
      "id": "c2",
      "abilities": [
        "s2"
      ]
    },
    {
      "id": "c3",
      "abilities": [
        "s1",
        "s2",
        "s3"
      ]
    },
    {
      "id": "c4",
      "abilities": [
        "s4",
        "s5",
        "s6"
      ]
    },
    {
      "id": "c5",
      "abilities": [
        "s4",
        "s5"
      ]
    },
    {
      "id": "c6",
      "abilities": [
        "s4",
        "s5"
      ]
    },
    {
      "id": "c7",
      "abilities": [
        "s4",
        "s5",
        "s6"
      ]
    },
    {
      "id": "c8",
      "abilities": [
        "s4",
        "s5",
        "s6"
      ]
    },
    {
      "id": "c9",
      "abilities": [
        "s4",
        "s5",
        "s6"
      ]
    },
    {
      "id": "c10",
      "abilities": [
        "s4",
        "s5"
      ]
    }
  ],
  "central_offices": [
    {
      "id": "d",
      "location": [
        11.0,
        11.0
      ]
    }
  ],
  "distances": [
    [
      0.0,
      66.851,
      30.806,
      76.158,
      79.404,
      18.248,
      25.02,
      30.806,
      42.579,
      43.863,
      6.325,
      89.844,
      85.288,
      87.464,
      20.881,
      55.082,
      8.602,
      62.968,
      43.012,
      56.356,
      67.119,
      41.231,
      36.497,
      61.27,
      85.0,
      35.0,
      24.0,
      59.615,
      49.729,
      59.933,
      15.133,
      27.295,
      25.632,
      53.235,
      38.328,
      24.597,
      17.0,
      10.63,
      79.712,
      5.385,
      45.0,
      35.128,
      10.817,
      12.53,
      38.328,
      6.083,
      77.82,
      78.518,
      91.924,
      27.166,
      15.556
    ],
    [
      66.851,
      0.0,
      39.825,
      11.0,
      38.419,
      61.351,
      55.543,
      39.217,
      33.615,
      25.0,
      72.007,
      33.242,
      54.083,
      26.476,
      47.424,
      23.087,
      58.83,
      49.497,
      40.804,
      13.0,
      7.211,
      31.765,
      61.033,
      11.0,
      22.091,
      35.44,
      49.041,
      15.0,
      25.962,
      12.042,
      57.775,
      52.173,
      56.303,
      33.061,
      45.011,
      59.076,
      60.959,
      56.604,
      22.825,
      61.612,
      39.294,
      52.086,
      67.897,
      69.296,
      50.0,
      69.656,
      15.524,
      37.014,
      30.15,
      53.151,
      82.201
    ],
    [
      30.806,
      39.825,
      0.0,
      47.508,
      49.01,
      34.785,
      34.132,
      21.633,
      12.0,
      14.866,
      34.54,
      59.135,
      56.754,
      57.245,
      10.05,
      24.352,
      25.0,
      36.715,
      15.264,
      27.586,
      38.288,
      10.44,
      46.228,
      32.016,
      55.227,
      22.847,
      9.22,
      29.682,
      18.974,
      30.61,
      29.12,
      32.802,
      17.088,
      23.087,
      36.056,
      19.698,
      21.213,
      23.022,
      49.244,
      25.495,
      16.553,
      38.897,
      28.844,
      30.0,
      39.825,
      31.78,
      48.26,
      48.042,
      61.717,
      33.601,
      44.777
    ],
    [
      76.158,
      11.0,
      47.508,
      0.0,
      32.696,
      71.84,
      66.287,
      49.729,
      39.205,
      32.802,
      80.994,
      23.324,
      48.847,
      15.811,
      56.036,
      26.42,
      68.425,
      49.163,
      45.277,
      20.0,
      9.22,
      38.21,
      72.028,
      15.556,
      11.18,
      46.098,
      56.639,
      18.601,
      30.806,
      16.971,
      68.007,
      62.968,
      63.032,
      35.468,
      56.009,
      65.856,
      68.68,
      66.189,
      14.213,
      70.831,
      43.417,
      63.071,
      76.217,
      77.466,
      61.0,
      78.492,
      5.657,
      31.385,
      19.235,
      63.953,
      91.269
    ],
    [
      79.404,
      38.419,
      49.01,
      32.696,
      0.0,
      82.608,
      79.831,
      63.325,
      37.014,
      40.262,
      82.201,
      19.313,
      16.155,
      25.08,
      59.034,
      26.926,
      74.007,
      25.495,
      37.108,
      34.132,
      31.241,
      39.051,
      89.493,
      30.61,
      28.071,
      61.351,
      55.579,
      28.302,
      31.401,
      30.806,
      77.318,
      77.369,
      57.567,
      26.173,
      74.847,
      60.083,
      65.97,
      72.0,
      19.416,
      74.243,
      34.928,
      80.654,
      74.953,
      75.432,
      79.85,
      79.246,
      27.514,
      1.414,
      27.659,
      78.339,
      91.984
    ],
    [
      18.248,
      61.351,
      34.785,
      71.84,
      82.608,
      0.0,
      8.062,
      22.136,
      46.325,
      43.0,
      24.021,
      89.359,
      91.482,
      85.329,
      25.942,
      56.08,
      13.601,
      71.176,
      49.769,
      53.6,
      63.561,
      43.738,
      18.248,
      58.694,
      82.0,
      26.0,
      32.45,
      58.215,
      51.245,
      57.559,
      5.831,
      11.402,
      38.184,
      57.489,
      23.022,
      38.288,
      31.623,
      14.142,
      78.518,
      17.889,
      51.264,
      18.028,
      28.46,
      30.364,
      21.541,
      24.331,
      74.733,
      81.498,
      89.627,
      10.817,
      30.083
    ],
    [
      25.02,
      55.543,
      34.132,
      66.287,
      79.831,
      8.062,
      0.0,
      17.0,
      44.777,
      39.623,
      31.145,
      85.006,
      89.889,
      80.399,
      26.87,
      52.953,
      18.439,
      70.831,
      49.396,
      49.01,
      58.421,
      41.785,
      13.038,
      54.037,
      76.792,
      20.224,
      33.971,
      54.037,
      48.508,
      53.009,
      10.05,
      3.606,
      41.049,
      55.714,
      15.0,
      41.677,
      35.847,
      18.028,
      74.027,
      23.345,
      50.606,
      10.198,
      34.366,
      36.346,
      13.601,
      31.0,
      69.584,
      78.645,
      84.593,
      2.828,
      37.947
    ],
    [
      30.806,
      39.217,
      21.633,
      49.729,
      63.325,
      22.136,
      17.0,
      0.0,
      30.0,
      23.087,
      36.892,
      68.007,
      74.25,
      63.506,
      19.105,
      36.401,
      22.204,
      56.851,
      36.069,
      32.016,
      41.593,
      26.627,
      26.401,
      37.054,
      60.017,
      4.243,
      25.71,
      37.054,
      32.311,
      36.014,
      18.868,
      14.142,
      34.525,
      40.311,
      14.422,
      36.222,
      33.136,
      20.248,
      57.035,
      26.42,
      36.797,
      18.028,
      36.056,
      37.947,
      18.385,
      35.355,
      52.773,
      62.097,
      67.742,
      15.133,
      46.228
    ],
    [
      42.579,
      33.615,
      12.0,
      39.205,
      37.014,
      46.325,
      44.777,
      30.0,
      0.0,
      11.18,
      45.88,
      47.927,
      45.222,
      46.872,
      22.023,
      13.601,
      37.0,
      26.907,
      8.062,
      20.616,
      30.232,
      3.606,
      56.08,
      23.854,
      45.453,
      29.698,
      19.313,
      20.616,
      8.485,
      22.472,
      40.792,
      42.942,
      24.083,
      11.18,
      43.863,
      26.907,
      30.887,
      35.014,
      38.588,
      37.336,
      7.616,
      48.01,
      39.395,
      40.249,
      48.27,
      43.012,
      38.897,
      36.056,
      51.313,
      43.829,
      55.973
    ],
    [
      43.863,
      25.0,
      14.866,
      32.802,
      40.262,
      43.0,
      39.623,
      23.087,
      11.18,
      0.0,
      48.374,
      46.69,
      51.478,
      43.658,
      23.324,
      13.342,
      36.688,
      36.401,
      19.235,
      12.806,
      23.601,
      8.0,
      49.396,
      17.493,
      41.146,
      21.471,
      24.083,
      15.811,
      9.434,
      16.125,
      38.118,
      37.108,
      31.385,
      18.385,
      35.511,
      34.132,
      36.069,
      34.482,
      36.139,
      38.484,
      18.682,
      40.719,
      43.417,
      44.688,
      40.311,
      45.793,
      34.0,
      39.051,
      48.104,
      38.079,
      58.669
    ],
    [
      6.325,
      72.007,
      34.54,
      80.994,
      82.201,
      24.021,
      31.145,
      36.892,
      45.88,
      48.374,
      0.0,
      93.638,
      87.006,
      91.706,
      25.06,
      58.873,
      14.765,
      64.195,
      45.277,
      61.057,
      71.868,
      44.944,
      42.19,
      65.863,
      89.471,
      41.049,
      26.683,
      63.953,
      53.488,
      64.498,
      21.378,
      33.541,
      26.173,
      56.089,
      44.643,
      24.515,
      17.117,
      16.643,
      83.774,
      10.63,
      47.381,
      41.304,
      8.544,
      9.434,
      44.553,
      3.0,
      82.365,
      81.394,
      96.177,
      33.377,
      10.296
    ],
    [
      89.844,
      33.242,
      59.135,
      23.324,
      19.313,
      89.359,
      85.006,
      68.007,
      47.927,
      46.69,
      93.638,
      0.0,
      33.015,
      8.602,
      68.964,
      34.785,
      83.199,
      44.102,
      50.774,
      36.0,
      27.659,
      48.703,
      92.542,
      31.016,
      13.454,
      65.031,
      67.231,
      31.145,
      40.162,
      32.0,
      84.717,
      82.006,
      71.197,
      39.115,
      76.792,
      73.926,
      78.721,
      81.025,
      11.045,
      84.481,
      48.549,
      83.487,
      87.321,
      88.142,
      81.884,
      90.824,
      17.889,
      18.788,
      9.055,
      83.006,
      103.817
    ],
    [
      85.288,
      54.083,
      56.754,
      48.847,
      16.155,
      91.482,
      89.889,
      74.25,
      45.222,
      51.478,
      87.006,
      33.015,
      0.0,
      40.2,
      66.287,
      38.833,
      81.216,
      23.345,
      42.426,
      48.104,
      46.872,
      48.104,
      100.648,
      45.343,
      43.738,
      72.945,
      61.4,
      42.426,
      42.059,
      45.277,
      85.866,
      87.846,
      61.033,
      34.176,
      86.954,
      63.127,
      70.007,
      79.429,
      35.44,
      80.505,
      40.608,
      92.13,
      79.025,
      79.101,
      91.788,
      84.006,
      43.658,
      17.464,
      42.0,
      88.769,
      96.083
    ],
    [
      87.464,
      26.476,
      57.245,
      15.811,
      25.08,
      85.329,
      80.399,
      63.506,
      46.872,
      43.658,
      91.706,
      8.602,
      40.2,
      0.0,
      66.708,
      33.287,
      80.324,
      47.927,
      50.99,
      31.78,
      22.023,
      47.011,
      87.052,
      26.683,
      5.0,
      60.208,
      65.863,
      27.857,
      38.588,
      27.893,
      81.025,
      77.233,
      70.803,
      39.598,
      71.113,
      73.6,
      77.698,
      78.109,
      8.485,
      82.079,
      48.836,
      78.026,
      85.959,
      86.954,
      76.164,
      89.0,
      11.045,
      24.187,
      4.472,
      78.23,
      101.98
    ],
    [
      20.881,
      47.424,
      10.05,
      56.036,
      59.034,
      25.942,
      26.87,
      19.105,
      22.023,
      23.324,
      25.06,
      68.964,
      66.287,
      66.708,
      0.0,
      34.205,
      15.033,
      45.31,
      24.042,
      36.056,
      46.872,
      20.396,
      39.699,
      40.817,
      64.413,
      22.023,
      7.211,
      38.91,
      28.862,
      39.446,
      20.125,
      26.401,
      15.524,
      33.015,
      32.573,
      17.117,
      14.866,
      13.153,
      58.873,
      15.524,
      25.71,
      33.615,
      20.518,
      22.023,
      35.341,
      22.472,
      57.306,
      58.078,
      71.176,
      27.019,
      35.355
    ],
    [
      55.082,
      23.087,
      24.352,
      26.42,
      26.926,
      56.08,
      52.953,
      36.401,
      13.601,
      13.342,
      58.873,
      34.785,
      38.833,
      33.287,
      34.205,
      0.0,
      48.662,
      27.514,
      18.868,
      11.402,
      18.028,
      13.928,
      62.626,
      12.166,
      31.89,
      34.54,
      32.65,
      8.246,
      5.385,
      11.045,
      51.0,
      50.448,
      37.643,
      10.0,
      48.301,
      40.46,
      44.418,
      46.53,
      25.06,
      49.729,
      17.0,
      53.852,
      52.773,
      53.712,
      53.226,
      56.08,
      25.495,
      25.71,
      37.736,
      51.42,
      69.08
    ],
    [
      8.602,
      58.83,
      25.0,
      68.425,
      74.007,
      13.601,
      18.439,
      22.204,
      37.0,
      36.688,
      14.765,
      83.199,
      81.216,
      80.324,
      15.033,
      48.662,
      0.0,
      59.775,
      38.833,
      48.847,
      59.506,
      35.128,
      31.016,
      53.852,
      77.621,
      26.401,
      20.248,
      52.498,
      43.417,
      52.555,
      8.544,
      20.025,
      24.839,
      48.042,
      30.414,
      24.759,
      18.028,
      2.236,
      72.801,
      5.0,
      40.608,
      28.071,
      16.031,
      18.028,
      31.0,
      13.601,
      70.385,
      73.027,
      84.758,
      20.1,
      24.083
    ],
    [
      62.968,
      49.497,
      36.715,
      49.163,
      25.495,
      71.176,
      70.831,
      56.851,
      26.907,
      36.401,
      64.195,
      44.102,
      23.345,
      47.927,
      45.31,
      27.514,
      59.775,
      0.0,
      21.471,
      38.897,
      43.105,
      30.414,
      82.662,
      38.639,
      49.336,
      56.586,
      39.56,
      34.713,
      27.785,
      37.855,
      65.391,
      69.34,
      38.053,
      18.358,
      70.767,
      40.0,
      47.096,
      58.189,
      40.162,
      58.464,
      20.248,
      74.813,
      56.036,
      56.0,
      75.166,
      61.205,
      45.706,
      25.612,
      51.43,
      70.178,
      73.0
    ],
    [
      43.012,
      40.804,
      15.264,
      45.277,
      37.108,
      49.769,
      49.396,
      36.069,
      8.062,
      19.235,
      45.277,
      50.774,
      42.426,
      50.99,
      24.042,
      18.868,
      38.833,
      21.471,
      0.0,
      27.893,
      36.674,
      11.402,
      61.4,
      30.463,
      50.249,
      36.401,
      19.026,
      26.833,
      14.866,
      29.155,
      44.011,
      48.01,
      20.616,
      11.662,
      50.329,
      23.259,
      28.862,
      37.108,
      42.521,
      38.118,
      2.236,
      53.814,
      37.855,
      38.328,
      54.452,
      42.297,
      44.204,
      36.401,
      55.317,
      48.826,
      54.918
    ],
    [
      56.356,
      13.0,
      27.586,
      20.0,
      34.132,
      53.6,
      49.01,
      32.016,
      20.616,
      12.806,
      61.057,
      36.0,
      48.104,
      31.78,
      36.056,
      11.402,
      48.847,
      38.897,
      27.893,
      0.0,
      10.817,
      18.868,
      56.886,
      5.099,
      28.792,
      29.069,
      36.77,
      5.831,
      13.153,
      4.0,
      49.244,
      46.011,
      43.6,
      21.213,
      41.485,
      46.4,
      48.795,
      46.615,
      25.02,
      51.0,
      26.476,
      47.854,
      56.223,
      57.489,
      46.573,
      58.524,
      21.541,
      32.757,
      36.139,
      47.011,
      71.344
    ],
    [
      67.119,
      7.211,
      38.288,
      9.22,
      31.241,
      63.561,
      58.421,
      41.593,
      30.232,
      23.601,
      71.868,
      27.659,
      46.872,
      22.023,
      46.872,
      18.028,
      59.506,
      43.105,
      36.674,
      10.817,
      0.0,
      29.069,
      65.123,
      6.403,
      18.439,
      38.21,
      47.424,
      9.849,
      21.954,
      7.81,
      59.481,
      55.227,
      53.907,
      27.659,
      49.254,
      56.727,
      59.464,
      57.271,
      16.763,
      61.774,
      34.928,
      56.08,
      67.007,
      68.25,
      54.332,
      69.34,
      11.18,
      29.833,
      26.173,
      56.223,
      82.152
    ],
    [
      41.231,
      31.765,
      10.44,
      38.21,
      39.051,
      43.738,
      41.785,
      26.627,
      3.606,
      8.0,
      44.944,
      48.703,
      48.104,
      47.011,
      20.396,
      13.928,
      35.128,
      30.414,
      11.402,
      18.868,
      29.069,
      0.0,
      52.839,
      22.672,
      45.222,
      26.173,
      18.868,
      19.849,
      8.544,
      21.26,
      38.328,
      39.812,
      24.839,
      13.928,
      40.361,
      27.659,
      30.806,
      33.061,
      38.91,
      35.903,
      11.18,
      44.654,
      38.949,
      39.962,
      44.822,
      42.154,
      38.419,
      38.013,
      51.478,
      40.719,
      55.154
    ],
    [
      36.497,
      61.033,
      46.228,
      72.028,
      89.493,
      18.248,
      13.038,
      26.401,
      56.08,
      49.396,
      42.19,
      92.542,
      100.648,
      87.052,
      39.699,
      62.626,
      31.016,
      82.662,
      61.4,
      56.886,
      65.123,
      52.839,
      0.0,
      61.66,
      83.0,
      28.16,
      46.862,
      62.37,
      58.694,
      60.828,
      22.472,
      13.454,
      54.083,
      66.648,
      16.031,
      54.708,
      48.754,
      30.871,
      81.498,
      35.735,
      62.426,
      9.055,
      46.573,
      48.508,
      11.18,
      42.579,
      76.026,
      88.233,
      91.005,
      12.728,
      47.265
    ],
    [
      61.27,
      11.0,
      32.016,
      15.556,
      30.61,
      58.694,
      54.037,
      37.054,
      23.854,
      17.493,
      65.863,
      31.016,
      45.343,
      26.683,
      40.817,
      12.166,
      53.852,
      38.639,
      30.463,
      5.099,
      6.403,
      22.672,
      61.66,
      0.0,
      23.77,
      34.015,
      41.11,
      4.0,
      15.652,
      1.414,
      54.342,
      51.0,
      47.508,
      22.091,
      46.098,
      50.329,
      53.151,
      51.624,
      20.0,
      55.902,
      28.792,
      52.612,
      60.803,
      62.008,
      51.196,
      63.285,
      16.553,
      29.206,
      31.048,
      52.0,
      76.158
    ],
    [
      85.0,
      22.091,
      55.227,
      11.18,
      28.071,
      82.0,
      76.792,
      60.017,
      45.453,
      41.146,
      89.471,
      13.454,
      43.738,
      5.0,
      64.413,
      31.89,
      77.621,
      49.336,
      50.249,
      28.792,
      18.439,
      45.222,
      83.0,
      23.77,
      0.0,
      56.569,
      64.07,
      25.554,
      37.014,
      25.08,
      77.885,
      73.553,
      69.527,
      39.205,
      67.007,
      72.346,
      76.026,
      75.392,
      9.22,
      79.624,
      48.166,
      74.007,
      84.06,
      85.147,
      72.028,
      86.833,
      7.28,
      27.019,
      8.062,
      74.545,
      99.765
    ],
    [
      35.0,
      35.44,
      22.847,
      46.098,
      61.351,
      26.0,
      20.224,
      4.243,
      29.698,
      21.471,
      41.049,
      65.031,
      72.945,
      60.208,
      22.023,
      34.54,
      26.401,
      56.586,
      36.401,
      29.069,
      38.21,
      26.173,
      28.16,
      34.015,
      56.569,
      0.0,
      28.16,
      34.366,
      30.887,
      33.061,
      23.022,
      17.029,
      37.121,
      39.408,
      14.213,
      39.013,
      36.497,
      24.413,
      54.009,
      30.529,
      36.878,
      19.313,
      39.925,
      41.785,
      18.868,
      39.446,
      49.366,
      60.083,
      64.382,
      18.028,
      50.448
    ],
    [
      24.0,
      49.041,
      9.22,
      56.639,
      55.579,
      32.45,
      33.971,
      25.71,
      19.313,
      24.083,
      26.683,
      67.231,
      61.4,
      65.863,
      7.211,
      32.65,
      20.248,
      39.56,
      19.026,
      36.77,
      47.424,
      18.868,
      46.862,
      41.11,
      64.07,
      28.16,
      0.0,
      38.601,
      27.295,
      39.699,
      26.627,
      33.601,
      9.0,
      29.428,
      39.56,
      11.18,
      12.042,
      18.788,
      57.706,
      19.105,
      21.0,
      40.817,
      20.125,
      21.095,
      42.485,
      23.77,
      57.201,
      54.745,
      70.328,
      34.205,
      36.688
    ],
    [
      59.615,
      15.0,
      29.682,
      18.601,
      28.302,
      58.215,
      54.037,
      37.054,
      20.616,
      15.811,
      63.953,
      31.145,
      42.426,
      27.857,
      38.91,
      8.246,
      52.498,
      34.713,
      26.833,
      5.831,
      9.849,
      19.849,
      62.37,
      4.0,
      25.554,
      34.366,
      38.601,
      0.0,
      12.207,
      3.162,
      53.6,
      51.157,
      44.553,
      18.111,
      47.127,
      47.381,
      50.606,
      50.289,
      20.396,
      54.231,
      25.08,
      53.367,
      58.524,
      59.641,
      52.202,
      61.294,
      18.601,
      26.926,
      32.311,
      52.154,
      74.243
    ],
    [
      49.729,
      25.962,
      18.974,
      30.806,
      31.401,
      51.245,
      48.508,
      32.311,
      8.485,
      9.434,
      53.488,
      40.162,
      42.059,
      38.588,
      28.862,
      5.385,
      43.417,
      27.785,
      14.866,
      13.153,
      21.954,
      8.544,
      58.694,
      15.652,
      37.014,
      30.887,
      27.295,
      12.207,
      0.0,
      14.318,
      46.043,
      46.174,
      32.558,
      9.434,
      44.944,
      35.384,
      39.115,
      41.304,
      30.414,
      44.385,
      13.342,
      50.09,
      47.413,
      48.374,
      49.739,
      50.695,
      30.414,
      30.265,
      43.046,
      47.127,
      63.695
    ],
    [
      59.933,
      12.042,
      30.61,
      16.971,
      30.806,
      57.559,
      53.009,
      36.014,
      22.472,
      16.125,
      64.498,
      32.0,
      45.277,
      27.893,
      39.446,
      11.045,
      52.555,
      37.855,
      29.155,
      4.0,
      7.81,
      21.26,
      60.828,
      1.414,
      25.08,
      33.061,
      39.699,
      3.162,
      14.318,
      0.0,
      53.151,
      50.01,
      46.098,
      21.024,
      45.354,
      48.918,
      51.74,
      50.329,
      21.024,
      54.562,
      27.514,
      51.788,
      59.405,
      60.605,
      50.448,
      61.911,
      17.889,
      29.411,
      32.28,
      51.01,
      74.793
    ],
    [
      15.133,
      57.775,
      29.12,
      68.007,
      77.318,
      5.831,
      10.05,
      18.868,
      40.792,
      38.118,
      21.378,
      84.717,
      85.866,
      81.025,
      20.125,
      51.0,
      8.544,
      65.391,
      44.011,
      49.244,
      59.481,
      38.328,
      22.472,
      54.342,
      77.885,
      23.022,
      26.627,
      53.6,
      46.043,
      53.151,
      0.0,
      12.166,
      32.558,
      51.971,
      23.409,
      32.802,
      26.42,
      8.602,
      73.98,
      13.342,
      45.541,
      20.025,
      24.331,
      26.306,
      23.195,
      21.024,
      70.605,
      76.236,
      85.376,
      12.042,
      29.069
    ],
    [
      27.295,
      52.173,
      32.802,
      62.968,
      77.369,
      11.402,
      3.606,
      14.142,
      42.942,
      37.108,
      33.541,
      82.006,
      87.846,
      77.233,
      26.401,
      50.448,
      20.025,
      69.34,
      48.01,
      46.011,
      55.227,
      39.812,
      13.454,
      51.0,
      73.553,
      17.029,
      33.601,
      51.157,
      46.174,
      50.01,
      12.166,
      0.0,
      41.183,
      53.712,
      11.662,
      42.048,
      36.688,
      19.235,
      71.0,
      25.02,
      49.092,
      8.062,
      36.056,
      38.053,
      11.045,
      33.136,
      66.37,
      76.158,
      81.394,
      1.0,
      40.853
    ],
    [
      25.632,
      56.303,
      17.088,
      63.032,
      57.567,
      38.184,
      41.049,
      34.525,
      24.083,
      31.385,
