{
  "patients": [
    {
      "id": "p1",
      "location": [
        85.0,
        16.0
      ],
      "time_window": [
        76.0,
        196.0
      ],
      "required_caregivers": [
        {
          "service": "s5",
          "duration": 12.0
        }
      ]
    },
    {
      "id": "p2",
      "location": [
        80.0,
        41.0
      ],
      "time_window": [
        44.0,
        164.0
      ],
      "required_caregivers": [
        {
          "service": "s3",
          "duration": 12.0
        }
      ]
    },
    {
      "id": "p3",
      "location": [
        68.0,
        22.0
      ],
      "time_window": [
        45.0,
        165.0
      ],
      "required_caregivers": [
        {
          "service": "s4",
          "duration": 12.0
        }
      ]
    },
    {
      "id": "p4",
      "location": [
        50.0,
        45.0
      ],
      "time_window": [
        124.0,
        244.0
      ],
      "required_caregivers": [
        {
          "service": "s5",
          "duration": 12.0
        }
      ]
    },
    {
      "id": "p5",
      "location": [
        0.0,
        37.0
      ],
      "time_window": [
        100.0,
        220.0
      ],
      "required_caregivers": [
        {
          "service": "s5",
          "duration": 12.0
        }
      ]
    },
    {
      "id": "p6",
      "location": [
        8.0,
        15.0
      ],
      "time_window": [
        334.0,
        454.0
      ],
      "required_caregivers": [
        {
          "service": "s5",
          "duration": 12.0
        }
      ]
    },
    {
      "id": "p7",
      "location": [
        95.0,
        30.0
      ],
      "time_window": [
        448.0,
        568.0
      ],
      "required_caregivers": [
        {
          "service": "s5",
          "duration": 12.0
        }
      ]
    },
    {
      "id": "p8",
      "location": [
        61.0,
        34.0
      ],
      "time_window": [
        329.0,
        449.0
      ],
      "required_caregivers": [
        {
          "service": "s6",
          "duration": 12.0
        }
      ]
    },
    {
      "id": "p9",
      "location": [
        7.0,
        13.0
      ],
      "time_window": [
        450.0,
        570.0
      ],
      "required_caregivers": [
        {
          "service": "s1",
          "duration": 12.0
        }
      ]
    },
    {
      "id": "p10",
      "location": [
        42.0,
        42.0
      ],
      "time_window": [
        174.0,
        294.0
      ],
      "required_caregivers": [
        {
          "service": "s1",
          "duration": 12.0
        }
      ]
    },
    {
      "id": "p11",
      "location": [
        83.0,
        41.0
      ],
      "time_window": [
        0.0,
        120.0
      ],
      "required_caregivers": [
        {
          "service": "s1",
          "duration": 12.0
        }
      ]
    },
    {
      "id": "p12",
      "location": [
        18.0,
        7.0
      ],
      "time_window": [
        432.0,
        552.0
      ],
      "required_caregivers": [
        {
          "service": "s1",
          "duration": 12.0
        }
      ]
    },
    {
      "id": "p13",
      "location": [
        39.0,
        4.0
      ],
      "time_window": [
        468.0,
        588.0
      ],
      "required_caregivers": [
        {
          "service": "s1",
          "duration": 12.0
        }
      ]
    },
    {
      "id": "p14",
      "location": [
        76.0,
        28.0
      ],
      "time_window": [
        271.0,
        391.0
      ],
      "required_caregivers": [
        {
          "service": "s2",
          "duration": 12.0
        }
      ]
    },
    {
      "id": "p15",
      "location": [
        23.0,
        35.0
      ],
      "time_window": [
        415.0,
        535.0
      ],
      "required_caregivers": [
        {
          "service": "s2",
          "duration": 12.0
        }
      ]
    },
    {
      "id": "p16",
      "location": [
        79.0,
        7.0
      ],
      "time_window": [
        382.0,
        502.0
      ],
      "required_caregivers": [
        {
          "service": "s5",
          "duration": 12.0
        }
      ]
    },
    {
      "id": "p17",
      "location": [
        35.0,
        2.0
      ],
      "time_window": [
        321.0,
        441.0
      ],
      "required_caregivers": [
        {
          "service": "s4",
          "duration": 12.0
        }
      ]
    },
    {
      "id": "p18",
      "location": [
        18.0,
        23.0
      ],
      "time_window": [
        18.0,
        138.0
      ],
      "required_caregivers": [
        {
          "service": "s1",
          "duration": 12.0
        }
      ]
    },
    {
      "id": "p19",
      "location": [
        46.0,
        5.0
      ],
      "time_window": [
        267.0,
        387.0
      ],
      "required_caregivers": [
        {
          "service": "s4",
          "duration": 12.0
        }
      ]
    },
    {
      "id": "p20",
      "location": [
        25.0,
        31.0
      ],
      "time_window": [
        39.0,
        159.0
      ],
      "required_caregivers": [
        {
          "service": "s4",
          "duration": 12.0
        }
      ]
    },
    {
      "id": "p21",
      "location": [
        73.0,
        39.0
      ],
      "time_window": [
        82.0,
        202.0
      ],
      "required_caregivers": [
        {
          "service": "s5",
          "duration": 12.0
        }
      ]
    },
    {
      "id": "p22",
      "location": [
        33.0,
        7.0
      ],
      "time_window": [
        404.0,
        524.0
      ],
      "required_caregivers": [
        {
          "service": "s3",
          "duration": 12.0
        }
      ]
    },
    {
      "id": "p23",
      "location": [
        12.0,
        47.0
      ],
      "time_window": [
        3.0,
        123.0
      ],
      "required_caregivers": [
        {
          "service": "s4",
          "duration": 12.0
        }
      ]
    },
    {
      "id": "p24",
      "location": [
        76.0,
        27.0
      ],
      "time_window": [
        91.0,
        211.0
      ],
      "required_caregivers": [
        {
          "service": "s2",
          "duration": 12.0
        }
      ]
    },
    {
      "id": "p25",
      "location": [
        12.0,
        31.0
      ],
      "time_window": [
        158.0,
        278.0
      ],
      "required_caregivers": [
        {
          "service": "s3",
          "duration": 12.0
        }
      ]
    },
    {
      "id": "p26",
      "location": [
        94.0,
        48.0
      ],
      "time_window": [
        404.0,
        524.0
      ],
      "required_caregivers": [
        {
          "service": "s3",
          "duration": 12.0
        }
      ]
    },
    {
      "id": "p27",
      "location": [
        44.0,
        19.0
      ],
      "time_window": [
        279.0,
        399.0
      ],
      "required_caregivers": [
        {
          "service": "s4",
          "duration": 12.0
        }
      ]
    },
    {
      "id": "p28",
      "location": [
        8.0,
        17.0
      ],
      "time_window": [
        280.0,
        400.0
      ],
      "required_caregivers": [
        {
          "service": "s5",
          "duration": 12.0
        }
      ]
    },
    {
      "id": "p29",
      "location": [
        26.0,
        6.0
      ],
      "time_window": [
        336.0,
        456.0
      ],
      "required_caregivers": [
        {
          "service": "s1",
          "duration": 12.0
        }
      ]
    },
    {
      "id": "p30",
      "location": [
        74.0,
        26.0
      ],
      "time_window": [
        371.0,
        491.0
      ],
      "required_caregivers": [
        {
          "service": "s6",
          "duration": 12.0
        }
      ]
    },
    {
      "id": "p31",
      "location": [
        96.0,
        5.0
      ],
      "time_window": [
        123.0,
        243.0
      ],
      "required_caregivers": [
        {
          "service": "s4",
          "duration": 12.0
        }
      ]
    },
    {
      "id": "p32",
      "location": [
        72.0,
        1.0
      ],
      "time_window": [
        153.0,
        273.0
      ],
      "required_caregivers": [
        {
          "service": "s4",
          "duration": 12.0
        }
      ]
    },
    {
      "id": "p33",
      "location": [
        20.0,
        26.0
      ],
      "time_window": [
        439.0,
        559.0
      ],
      "required_caregivers": [
        {
          "service": "s2",
          "duration": 12.0
        }
      ]
    },
    {
      "id": "p34",
      "location": [
        29.0,
        1.0
      ],
      "time_window": [
        51.0,
        171.0
      ],
      "required_caregivers": [
        {
          "service": "s4",
          "duration": 12.0
        }
      ]
    },
    {
      "id": "p35",
      "location": [
        54.0,
        44.0
      ],
      "time_window": [
        135.0,
        255.0
      ],
      "required_caregivers": [
        {
          "service": "s4",
          "duration": 12.0
        }
      ]
    },
    {
      "id": "p36",
      "location": [
        37.0,
        40.0
      ],
      "time_window": [
        332.0,
        452.0
      ],
      "required_caregivers": [
        {
          "service": "s5",
          "duration": 12.0
        },
        {
          "service": "s6",
          "duration": 12.0
        }
      ],
      "synchronization": {
        "type": "simultaneous"
      }
    },
    {
      "id": "p37",
      "location": [
        14.0,
        48.0
      ],
      "time_window": [
        298.0,
        418.0
      ],
      "required_caregivers": [
        {
          "service": "s4",
          "duration": 12.0
        },
        {
          "service": "s6",
          "duration": 12.0
        }
      ],
      "synchronization": {
        "type": "simultaneous"
      }
    },
    {
      "id": "p38",
      "location": [
        80.0,
        11.0
      ],
      "time_window": [
        66.0,
        186.0
      ],
      "required_caregivers": [
        {
          "service": "s4",
          "duration": 12.0
        },
        {
          "service": "s5",
          "duration": 12.0
        }
      ],
      "synchronization": {
        "type": "simultaneous"
      }
    },
    {
      "id": "p39",
      "location": [
        31.0,
        40.0
      ],
      "time_window": [
        366.0,
        486.0
      ],
      "required_caregivers": [
        {
          "service": "s4",
          "duration": 12.0
        },
        {
          "service": "s5",
          "duration": 12.0
        }
      ],
      "synchronization": {
        "type": "simultaneous"
      }
    },
    {
      "id": "p40",
      "location": [
        76.0,
        31.0
      ],
      "time_window": [
        194.0,
        314.0
      ],
      "required_caregivers": [
        {
          "service": "s5",
          "duration": 12.0
        },
        {
          "service": "s6",
          "duration": 12.0
        }
      ],
      "synchronization": {
        "type": "simultaneous"
      }
    },
    {
      "id": "p41",
      "location": [
        87.0,
        14.0
      ],
      "time_window": [
        245.0,
        365.0
      ],
      "required_caregivers": [
        {
          "service": "s4",
          "duration": 12.0
        },
        {
          "service": "s5",
          "duration": 12.0
        }
      ],
      "synchronization": {
        "type": "simultaneous"
      }
    },
    {
      "id": "p42",
      "location": [
        97.0,
        42.0
      ],
      "time_window": [
        80.0,
        200.0
      ],
      "required_caregivers": [
        {
          "service": "s4",
          "duration": 12.0
        },
        {
          "service": "s5",
          "duration": 12.0
        }
      ],
      "synchronization": {
        "type": "simultaneous"
      }
    },
    {
      "id": "p43",
      "location": [
        8.0,
        37.0
      ],
      "time_window": [
        153.0,
        273.0
      ],
      "required_caregivers": [
        {
          "service": "s1",
          "duration": 12.0
        },
        {
          "service": "s4",
          "duration": 12.0
        }
      ],
      "synchronization": {
        "type": "simultaneous"
      }
    },
    {
      "id": "p44",
      "location": [
        25.0,
        35.0
      ],
      "time_window": [
        447.0,
        567.0
      ],
      "required_caregivers": [
        {
          "service": "s2",
          "duration": 12.0
        },
        {
          "service": "s6",
          "duration": 12.0
        }
      ],
      "synchronization": {
        "type": "sequential",
        "distance": [
          17,
          34
        ]
      }
    },
    {
      "id": "p45",
      "location": [
        6.0,
        19.0
      ],
      "time_window": [
        133.0,
        253.0
      ],
      "required_caregivers": [
        {
          "service": "s1",
          "duration": 12.0
        },
        {
          "service": "s6",
          "duration": 12.0
        }
      ],
      "synchronization": {
        "type": "sequential",
        "distance": [
          22,
          44
        ]
      }
    },
    {
      "id": "p46",
      "location": [
        87.0,
        10.0
      ],
      "time_window": [
        475.0,
        595.0
      ],
      "required_caregivers": [
        {
          "service": "s2",
          "duration": 12.0
        },
        {
          "service": "s6",
          "duration": 12.0
        }
      ],
      "synchronization": {
        "type": "sequential",
        "distance": [
          31,
          62
        ]
      }
    },
    {
      "id": "p47",
      "location": [
        26.0,
        44.0
      ],
      "time_window": [
        352.0,
        472.0
      ],
      "required_caregivers": [
        {
          "service": "s3",
          "duration": 12.0
        },
        {
          "service": "s5",
          "duration": 12.0
        }
      ],
      "synchronization": {
        "type": "sequential",
        "distance": [
          42,
          84
        ]
      }
    },
    {
      "id": "p48",
      "location": [
        40.0,
        2.0
      ],
      "time_window": [
        369.0,
        489.0
      ],
      "required_caregivers": [
        {
          "service": "s1",
          "duration": 12.0
        },
        {
          "service": "s4",
          "duration": 12.0
        }
      ],
      "synchronization": {
        "type": "sequential",
        "distance": [
          17,
          34
        ]
      }
    },
    {
      "id": "p49",
      "location": [
        45.0,
        12.0
      ],
      "time_window": [
        76.0,
        196.0
      ],
      "required_caregivers": [
        {
          "service": "s2",
          "duration": 12.0
        },
        {
          "service": "s6",
          "duration": 12.0
        }
      ],
      "synchronization": {
        "type": "sequential",
        "distance": [
          41,
          82
        ]
      }
    },
    {
      "id": "p50",
      "location": [
        0.0,
        0.0
      ],
      "time_window": [
        12.0,
        132.0
      ],
      "required_caregivers": [
        {
          "service": "s1",
          "duration": 12.0
        },
        {
          "service": "s4",
          "duration": 12.0
        }
      ],
      "synchronization": {
        "type": "sequential",
        "distance": [
          19,
          38
        ]
      }
    }
  ],
  "services": [
    {
      "id": "s1",
      "default_duration": 12.0
    },
    {
      "id": "s2",
      "default_duration": 12.0
    },
    {
      "id": "s3",
      "default_duration": 12.0
    },
    {
      "id": "s4",
      "default_duration": 12.0
    },
    {
      "id": "s5",
      "default_duration": 12.0
    },
    {
      "id": "s6",
      "default_duration": 12.0
    }
  ],
  "caregivers": [
    {
      "id": "c1",
      "abilities": [
        "s1",
        "s3"
      ]
    },
    {
      "id": "c2",
      "abilities": [
        "s1",
        "s2",
        "s3"
      ]
    },
    {
      "id": "c3",
      "abilities": [
        "s1",
        "s3"
      ]
    },
    {
      "id": "c4",
      "abilities": [
        "s4",
        "s5",
        "s6"
      ]
    },
    {
      "id": "c5",
      "abilities": [
        "s4",
        "s5",
        "s6"
      ]
    },
    {
      "id": "c6",
      "abilities": [
        "s4",
        "s5",
        "s6"
      ]
    },
    {
      "id": "c7",
      "abilities": [
        "s4",
        "s6"
      ]
    },
    {
      "id": "c8",
      "abilities": [
        "s5",
        "s6"
      ]
    },
    {
      "id": "c9",
      "abilities": [
        "s4",
        "s5",
        "s6"
      ]
    },
    {
      "id": "c10",
      "abilities": [
        "s4",
        "s5",
        "s6"
      ]
    }
  ],
  "central_offices": [
    {
      "id": "d",
      "location": [
        36.0,
        48.0
      ]
    }
  ],
  "distances": [
    [
      0.0,
      58.524,
      44.553,
      41.231,
      14.318,
      37.643,
      43.278,
      61.685,
      28.653,
      45.453,
      8.485,
      47.518,
      44.777,
      44.102,
      44.721,
      18.385,
      59.414,
      46.011,
      30.806,
      44.147,
      20.248,
      38.079,
      41.11,
      24.021,
      45.177,
      29.411,
      58.0,
      30.083,
      41.773,
      43.174,
      43.909,
      73.817,
      59.203,
      27.203,
      47.518,
      18.439,
      8.062,
      22.0,
      57.489,
      9.434,
      43.463,
      61.294,
      61.294,
      30.083,
      17.029,
      41.725,
      63.6,
      10.77,
      46.174,
      37.108,
      60.0
    ],
    [
      58.524,
      0.0,
      25.495,
      18.028,
      45.453,
      87.556,
      77.006,
      17.205,
      30.0,
      78.058,
      50.249,
      25.08,
      67.602,
      47.539,
      15.0,
      64.846,
      10.817,
      51.923,
      67.365,
      40.522,
      61.847,
      25.942,
      52.773,
      79.31,
      14.213,
      74.525,
      33.242,
      41.11,
      77.006,
      59.841,
      14.866,
      15.556,
      19.849,
      65.765,
      57.974,
      41.773,
      53.666,
      77.878,
      7.071,
      59.093,
      17.493,
      2.828,
      28.636,
      79.812,
      62.936,
      79.057,
      6.325,
      65.307,
      47.127,
      40.2,
      86.493
    ],
    [
      44.553,
      25.495,
      0.0,
      22.472,
      30.265,
      80.1,
      76.551,
      18.601,
      20.248,
      78.186,
      38.013,
      3.0,
      70.711,
      55.227,
      13.601,
      57.315,
      34.015,
      59.548,
      64.56,
      49.518,
      55.902,
      7.28,
      58.009,
      68.264,
      14.56,
      68.731,
      15.652,
      42.19,
      75.895,
      64.351,
      16.155,
      39.395,
      40.792,
      61.847,
      64.815,
      26.173,
      43.012,
      66.37,
      30.0,
      49.01,
      10.77,
      27.893,
      17.029,
      72.111,
      55.326,
      77.201,
      31.78,
      54.083,
      55.866,
      45.453,
      89.894
    ],
    [
      41.231,
      18.028,
      22.472,
      0.0,
      29.206,
      69.635,
      60.407,
      28.16,
      13.892,
      61.66,
      32.802,
      24.207,
      52.202,
      34.132,
      10.0,
      46.84,
      18.601,
      38.588,
      50.01,
      27.803,
      43.932,
      17.72,
      38.079,
      61.327,
      9.434,
      56.719,
      36.77,
      24.187,
      60.208,
      44.944,
      7.211,
      32.757,
      21.378,
      48.166,
      44.294,
      26.077,
      35.847,
      59.933,
      16.279,
      41.146,
      12.042,
      20.616,
      35.228,
      61.847,
      44.922,
      62.073,
      22.472,
      47.413,
      34.409,
      25.08,
      71.47
    ],
    [
      14.318,
      45.453,
      30.265,
      29.206,
      0.0,
      50.636,
      51.614,
      47.434,
      15.556,
      53.6,
      8.544,
      33.242,
      49.679,
      42.45,
      31.064,
      28.792,
      47.802,
      45.541,
      38.833,
      40.2,
      28.653,
      23.77,
      41.629,
      38.053,
      31.623,
      40.497,
      44.102,
      26.683,
      50.478,
      45.793,
      30.61,
      60.959,
      49.193,
      35.511,
      48.754,
      4.123,
      13.928,
      36.125,
      45.343,
      19.647,
      29.53,
      48.27,
      47.096,
      42.755,
      26.926,
      51.108,
      50.931,
      24.021,
      44.147,
      33.377,
      67.268
    ],
    [
      37.643,
      87.556,
      80.1,
      69.635,
      50.636,
      0.0,
      23.409,
      95.258,
      61.074,
      25.0,
      42.297,
      83.096,
      34.986,
      51.088,
      76.531,
      23.087,
      84.504,
      49.497,
      22.804,
      56.036,
      25.71,
      73.027,
      44.598,
      15.62,
      76.655,
      13.416,
      94.641,
      47.539,
      21.541,
      40.46,
      74.813,
      101.193,
      80.498,
      22.825,
      46.228,
      54.452,
      37.121,
      17.804,
      84.119,
      31.145,
      76.236,
      89.989,
      97.129,
      8.0,
      25.08,
      18.974,
      91.093,
      26.926,
      53.151,
      51.478,
      37.0
    ],
    [
      43.278,
      77.006,
      76.551,
      60.407,
      51.614,
      23.409,
      0.0,
      88.284,
      56.303,
      2.236,
      43.417,
      79.379,
      12.806,
      32.894,
      69.232,
      25.0,
      71.449,
      29.967,
      12.806,
      39.294,
      23.345,
      69.289,
      26.249,
      32.249,
      69.051,
      16.492,
      92.114,
      36.222,
      2.0,
      20.125,
      66.91,
      88.566,
      65.513,
      16.279,
      25.239,
      54.378,
      38.288,
      33.541,
      72.111,
      33.971,
      69.857,
      79.006,
      93.005,
      22.0,
      26.249,
      4.472,
      79.158,
      34.132,
      34.54,
      37.121,
      17.0
    ],
    [
      61.685,
      17.205,
      18.601,
      28.16,
      47.434,
      95.258,
      88.284,
      0.0,
      34.234,
      89.627,
      54.342,
      16.279,
      80.362,
      61.741,
      19.105,
      72.173,
      28.018,
      66.212,
      77.318,
      55.009,
      70.007,
      23.77,
      66.129,
      84.723,
      19.235,
      83.006,
      18.028,
      52.173,
      87.966,
      73.055,
      21.378,
      25.02,
      37.014,
      75.107,
      72.09,
      43.324,
      58.856,
      82.976,
      24.207,
      64.777,
      19.026,
      17.889,
      12.166,
      87.281,
      70.178,
      89.677,
      21.541,
      70.406,
      61.717,
      53.141,
      99.624
    ],
    [
      28.653,
      30.0,
      20.248,
      13.892,
      15.556,
      61.074,
      56.303,
      34.234,
      0.0,
      57.94,
      20.616,
      23.087,
      50.774,
      37.202,
      16.155,
      38.013,
      32.45,
      41.231,
      44.385,
      32.65,
      36.125,
      13.0,
      38.897,
      50.695,
      16.553,
      49.092,
      35.847,
      22.672,
      55.66,
      44.822,
      15.264,
      45.453,
      34.785,
      41.773,
      45.967,
      12.207,
      24.739,
      49.041,
      29.833,
      30.594,
      15.297,
      32.802,
      36.878,
      53.085,
      36.014,
      57.009,
      35.384,
      36.401,
      38.275,
      27.203,
      69.836
    ],
    [
      45.453,
      78.058,
      78.186,
      61.66,
      53.6,
      25.0,
      2.236,
      89.627,
      57.94,
      0.0,
      45.453,
      80.994,
      12.53,
      33.242,
      70.612,
      27.203,
      72.25,
      30.083,
      14.866,
      39.812,
      25.456,
      70.937,
      26.683,
      34.366,
      70.406,
      18.682,
      93.776,
      37.483,
      4.123,
      20.248,
      68.25,
      89.359,
      66.098,
      18.385,
      25.06,
      56.303,
      40.361,
      35.693,
      73.027,
      36.125,
      71.309,
      80.006,
      94.557,
      24.021,
      28.425,
      6.083,
      80.056,
      36.359,
      34.785,
      38.013,
      14.765
    ],
    [
      8.485,
      50.249,
      38.013,
      32.802,
      8.544,
      42.297,
      43.417,
      54.342,
      20.616,
      45.453,
      0.0,
      41.012,
      42.438,
      38.118,
      36.77,
      20.248,
      50.931,
      40.608,
      30.61,
      37.216,
      20.248,
      31.145,
      36.139,
      30.414,
      37.162,
      31.953,
      52.345,
      23.087,
      42.202,
      39.395,
      35.777,
      65.46,
      50.804,
      27.203,
      43.012,
      12.166,
      5.385,
      28.636,
      49.041,
      11.18,
      35.735,
      53.0,
      55.0,
      34.366,
      18.385,
      42.72,
      55.218,
      16.125,
      40.05,
      30.15,
      59.397
    ],
    [
      47.518,
      25.08,
      3.0,
      24.207,
      33.242,
      83.096,
      79.379,
      16.279,
      23.087,
      80.994,
      41.012,
      0.0,
      73.355,
      57.489,
      14.765,
      60.299,
      34.234,
      61.847,
      67.446,
      51.624,
      58.856,
      10.198,
      60.465,
      71.253,
      15.652,
      71.701,
      13.038,
      44.777,
      78.746,
      66.888,
      17.493,
      38.275,
      41.485,
      64.761,
      67.201,
      29.155,
      46.011,
      69.354,
      30.15,
      52.01,
      12.207,
      27.295,
      14.036,
      75.107,
      58.31,
      80.081,
      31.257,
      57.079,
      58.052,
      47.802,
      92.574
    ],
    [
      44.777,
      67.602,
      70.711,
      52.202,
      49.679,
      34.986,
      12.806,
      80.362,
      50.774,
      12.53,
      42.438,
      73.355,
      0.0,
      21.213,
      61.685,
      28.443,
      61.0,
      17.72,
      16.0,
      28.071,
      25.0,
      63.632,
      15.0,
      40.448,
      61.351,
      24.739,
      86.354,
      28.636,
      14.142,
      8.062,
      59.135,
      78.026,
      54.332,
      19.105,
      12.53,
      51.624,
      38.079,
      41.195,
      62.129,
      35.468,
      62.769,
      69.354,
      86.406,
      31.623,
      28.862,
      16.971,
      69.065,
      37.855,
      22.561,
      27.459,
      19.313
    ],
    [
      44.102,
      47.539,
      55.227,
      34.132,
      42.45,
      51.088,
      32.894,
      61.741,
      37.202,
      33.242,
      38.118,
      57.489,
      21.213,
      0.0,
      44.102,
      34.886,
      40.112,
      4.472,
      28.32,
      7.071,
      30.414,
      48.795,
      6.708,
      50.774,
      43.566,
      38.184,
      70.434,
      15.811,
      33.615,
      13.153,
      41.34,
      57.009,
      33.136,
      29.069,
      10.44,
      42.72,
      36.056,
      50.606,
      41.593,
      36.878,
      45.804,
      49.031,
      69.34,
      45.277,
      34.015,
      36.249,
      48.374,
      42.059,
      2.236,
      10.0,
      39.205
    ],
    [
      44.721,
      15.0,
      13.601,
      10.0,
      31.064,
      76.531,
      69.232,
      19.105,
      16.155,
      70.612,
      36.77,
      14.765,
      61.685,
      44.102,
      0.0,
      53.46,
      21.213,
      48.549,
      58.215,
      37.802,
      51.088,
      11.402,
      47.854,
      66.761,
      1.0,
      64.07,
      26.907,
      33.242,
      68.884,
      54.626,
      2.828,
      30.48,
      27.295,
      56.036,
      54.203,
      27.203,
      40.804,
      65.146,
      17.464,
      46.573,
      3.0,
      17.804,
      25.239,
      68.593,
      51.478,
      70.576,
      21.095,
      52.498,
      44.407,
      34.886,
      80.994
    ],
    [
      18.385,
      64.846,
      57.315,
      46.84,
      28.792,
      23.087,
      25.0,
      72.173,
      38.013,
      27.203,
      20.248,
      60.299,
      28.443,
      34.886,
      53.46,
      0.0,
      62.61,
      35.114,
      13.0,
      37.802,
      4.472,
      50.16,
      29.732,
      16.279,
      53.6,
      11.705,
      72.18,
      26.401,
      23.431,
      29.155,
      51.788,
      78.924,
      59.641,
      9.487,
      34.525,
      32.28,
      14.866,
      15.811,
      61.847,
      9.434,
      53.151,
      67.357,
      74.33,
      15.133,
      2.0,
      23.345,
      68.71,
      9.487,
      37.121,
      31.828,
      41.881
    ],
    [
      59.414,
      10.817,
      34.015,
      18.601,
      47.802,
      84.504,
      71.449,
      28.018,
      32.45,
      72.25,
      50.931,
      34.234,
      61.0,
      40.112,
      21.213,
      62.61,
      0.0,
      44.283,
      63.063,
      33.061,
      59.093,
      32.558,
      46.0,
      78.032,
      20.224,
      71.169,
      43.658,
      37.0,
      71.701,
      53.009,
      19.647,
      17.117,
      9.22,
      61.984,
      50.359,
      44.654,
      53.413,
      76.85,
      4.123,
      58.249,
      24.187,
      10.63,
      39.357,
      77.078,
      60.828,
      73.98,
      8.544,
      64.637,
      39.319,
      34.366,
      79.31
    ],
    [
      46.011,
      51.923,
      59.548,
      38.588,
      45.541,
      49.497,
      29.967,
      66.212,
      41.231,
      30.083,
      40.608,
      61.847,
      17.72,
      4.472,
      48.549,
      35.114,
      44.283,
      0.0,
      27.019,
      11.402,
      30.676,
      53.038,
      5.385,
      50.537,
      48.021,
      37.014,
      74.813,
      19.235,
      30.887,
      9.849,
      45.793,
      61.074,
      37.014,
      28.302,
      6.083,
      46.098,
      38.053,
      50.567,
      45.891,
      38.21,
      50.22,
      53.367,
      73.783,
      44.204,
      34.482,
      33.615,
      52.612,
      42.953,
      5.0,
      14.142,
      35.057
    ],
    [
      30.806,
      67.365,
      64.56,
      50.01,
      38.833,
      22.804,
      12.806,
      77.318,
      44.385,
      14.866,
      30.61,
      67.446,
      16.0,
      28.32,
      58.215,
      13.0,
      63.063,
      27.019,
      0.0,
      33.287,
      10.63,
      57.28,
      21.932,
      24.739,
      58.138,
      10.0,
      80.006,
      26.306,
      11.662,
      18.788,
      56.08,
      80.05,
      58.31,
      3.606,
      24.597,
      41.677,
      25.495,
      25.318,
      63.151,
      21.401,
      58.549,
      69.584,
      81.253,
      17.205,
      13.892,
      12.649,
      70.214,
      22.472,
      30.414,
      29.155,
      29.206
    ],
    [
      44.147,
      40.522,
      49.518,
      27.803,
      40.2,
      56.036,
      39.294,
      55.009,
      32.65,
      39.812,
      37.216,
      51.624,
      28.071,
      7.071,
      37.802,
      37.802,
      33.061,
      11.402,
      33.287,
      0.0,
      33.422,
      43.417,
      13.153,
      54.037,
      37.202,
      42.802,
      64.444,
      14.142,
      39.85,
      20.025,
      35.0,
      50.0,
      26.306,
      33.422,
      17.464,
      39.812,
      36.139,
      53.6,
      34.525,
      38.079,
      39.699,
      41.976,
      63.008,
      49.679,
      36.62,
      42.379,
      41.304,
      43.829,
      6.708,
      7.071,
      46.271
    ],
    [
      20.248,
      61.847,
      55.902,
      43.932,
      28.653,
      25.71,
      23.345,
      70.007,
      36.125,
      25.456,
      20.248,
      58.856,
      25.0,
      30.414,
      51.088,
      4.472,
      59.093,
      30.676,
      10.63,
      33.422,
      0.0,
      48.662,
      25.298,
      20.616,
      51.157,
      13.0,
      71.063,
      22.472,
      22.023,
      25.02,
      49.254,
      75.611,
      55.758,
      7.071,
      30.265,
      31.78,
      15.0,
      20.248,
      58.524,
      10.817,
      51.0,
      64.288,
      72.835,
      18.028,
      4.0,
      22.472,
      65.46,
      13.038,
      32.65,
      27.586,
      39.825
    ],
    [
      38.079,
      25.942,
      7.28,
      17.72,
      23.77,
      73.027,
      69.289,
      23.77,
      13.0,
      70.937,
      31.145,
      10.198,
      63.632,
      48.795,
      11.402,
      50.16,
      32.558,
      53.038,
      57.28,
      43.417,
      48.662,
      0.0,
      51.225,
      61.522,
      12.369,
      61.522,
      22.847,
      35.228,
      68.622,
      57.428,
      13.038,
      41.049,
      38.013,
      54.571,
      58.138,
      19.647,
      36.014,
      59.682,
      28.862,
      42.012,
      8.544,
      28.653,
      24.187,
      65.031,
      48.166,
      69.921,
      32.202,
      47.265,
      49.578,
      38.897,
      82.765
    ],
    [
      41.11,
      52.773,
      58.009,
      38.079,
      41.629,
      44.598,
      26.249,
      66.129,
      38.897,
      26.683,
      36.139,
      60.465,
      15.0,
      6.708,
      47.854,
      29.732,
      46.0,
      5.385,
      21.932,
      13.153,
      25.298,
      51.225,
      0.0,
      45.177,
      47.424,
      31.89,
      73.498,
      16.279,
      26.926,
      7.071,
      45.188,
      63.032,
      39.459,
      23.022,
      7.211,
      42.544,
      33.242,
      45.188,
      47.17,
      33.061,
      49.244,
      54.452,
      72.945,
      39.051,
      29.12,
      29.547,
      54.083,
      37.656,
      8.602,
      13.0,
      33.734
    ],
    [
      24.021,
      79.31,
      68.264,
      61.327,
      38.053,
      15.62,
      32.249,
      84.723,
      50.695,
      34.366,
      30.414,
      71.253,
      40.448,
      50.774,
      66.761,
      16.279,
      78.032,
      50.537,
      24.739,
      54.037,
      20.616,
      61.522,
      45.177,
      0.0,
      67.052,
      16.0,
      82.006,
      42.521,
      30.265,
      43.324,
      65.46,
      93.915,
      75.604,
      22.472,
      49.041,
      42.107,
      25.962,
      2.236,
      76.942,
      20.248,
      65.97,
      81.939,
      85.147,
      10.77,
      17.692,
      28.636,
      83.63,
      14.318,
      53.0,
      48.104,
      48.508
    ],
    [
      45.177,
      14.213,
      14.56,
      9.434,
      31.623,
      76.655,
      69.051,
      19.235,
      16.553,
      70.406,
      37.162,
      15.652,
      61.351,
      43.566,
      1.0,
      53.6,
      20.224,
      48.021,
      58.138,
      37.202,
      51.157,
      12.369,
      47.424,
      67.052,
      0.0,
      64.125,
      27.659,
      32.985,
      68.731,
      54.231,
      2.236,
      29.732,
      26.306,
      56.009,
      53.712,
      27.803,
      41.11,
      65.46,
      16.492,
      46.84,
      4.0,
      17.029,
      25.807,
      68.731,
      51.624,
      70.456,
      20.248,
      52.811,
      43.829,
      34.438,
      80.654
    ],
    [
      29.411,
      74.525,
      68.731,
      56.719,
      40.497,
      13.416,
      16.492,
      83.006,
      49.092,
      18.682,
      31.953,
      71.701,
      24.739,
      38.184,
      64.07,
      11.705,
      71.169,
      37.014,
      10.0,
      42.802,
      13.0,
      61.522,
      31.89,
      16.0,
      64.125,
      0.0,
      83.744,
      34.176,
      14.56,
      28.653,
      62.201,
      87.932,
      67.082,
      9.434,
      34.482,
      43.966,
      26.571,
      17.117,
      70.88,
      21.024,
      64.0,
      76.903,
      85.709,
      7.211,
      13.601,
      13.416,
      77.885,
      19.105,
      40.311,
      38.079,
      33.242
    ],
    [
      58.0,
      33.242,
      15.652,
      36.77,
      44.102,
      94.641,
      92.114,
      18.028,
      35.847,
      93.776,
      52.345,
      13.038,
      86.354,
      70.434,
      26.907,
      72.18,
      43.658,
      74.813,
      80.006,
      64.444,
      71.063,
      22.847,
      73.498,
      82.006,
      27.659,
      83.744,
      0.0,
      57.801,
      91.417,
      79.925,
      29.732,
      43.046,
      51.894,
      77.201,
      80.212,
      40.2,
      57.559,
      80.0,
      39.56,
      63.506,
      24.759,
      34.713,
      6.708,
      86.701,
      70.214,
      92.655,
      38.639,
      68.118,
      70.937,
      60.803,
      105.546
    ],
    [
      30.083,
      41.11,
      42.19,
      24.187,
      26.683,
      47.539,
      36.222,
      52.173,
      22.672,
      37.483,
      23.087,
      44.777,
      28.636,
      15.811,
      33.242,
      26.401,
      37.0,
      19.235,
      26.306,
      14.142,
      22.472,
      35.228,
      16.279,
      42.521,
      32.985,
      34.176,
      57.801,
      0.0,
      36.056,
      22.204,
      30.806,
      53.852,
      33.287,
      25.0,
      23.431,
      26.926,
      22.136,
      41.725,
      36.878,
      24.698,
      34.176,
      43.29,
      57.775,
      40.249,
      24.839,
      38.0,
      43.932,
      30.806,
      17.464,
      7.071,
      47.927
    ],
    [
      41.773,
      77.006,
      75.895,
      60.208,
      50.478,
      21.541,
      2.0,
      87.966,
      55.66,
      4.123,
      42.202,
      78.746,
      14.142,
      33.615,
      68.884,
      23.431,
      71.701,
      30.887,
      11.662,
      39.85,
      22.023,
      68.622,
      26.926,
      30.265,
      68.731,
      14.56,
      91.417,
      36.056,
      0.0,
      21.095,
      66.611,
      88.814,
      65.97,
      15.0,
      26.401,
      53.339,
      37.014,
      31.575,
      72.25,
      32.527,
      69.426,
      79.057,
      92.445,
      20.0,
      24.759,
      2.828,
      79.31,
      32.45,
      35.341,
      37.336,
      18.788
    ],
    [
      43.174,
      59.841,
      64.351,
      44.944,
      45.793,
      40.46,
      20.125,
      73.055,
      44.822,
      20.248,
      39.395,
      66.888,
      8.062,
      13.153,
      54.626,
      29.155,
      53.009,
      9.849,
      18.788,
      20.025,
      25.02,
      57.428,
      7.071,
      43.324,
      54.231,
      28.653,
      79.925,
      22.204,
      21.095,
      0.0,
      52.0,
      70.007,
      46.271,
      20.881,
      5.831,
      47.202,
      35.735,
      43.681,
      54.231,
      34.366,
      55.902,
      61.522,
      79.605,
      35.847,
      29.017,
      23.854,
      61.131,
      38.0,
      14.56,
      19.925,
      26.683
    ],
    [
      43.909,
      14.866,
      16.155,
      7.211,
      30.61,
      74.813,
      66.91,
      21.378,
      15.264,
      68.25,
      35.777,
      17.493,
      59.135,
      41.34,
      2.828,
      51.788,
      19.647,
      45.793,
      56.08,
      35.0,
      49.254,
      13.038,
      45.188,
      65.46,
      2.236,
      62.201,
      29.732,
      30.806,
      66.611,
      52.0,
      0.0,
      30.414,
      25.08,
      54.0,
      51.478,
      26.907,
      39.56,
      63.906,
      16.155,
      45.222,
      5.385,
      17.692,
      28.018,
      66.91,
      49.82,
      68.359,
      20.616,
      51.264,
      41.617,
      32.202,
      78.435
    ],
    [
      73.817,
      15.556,
      39.395,
      32.757,
      60.959,
      101.193,
      88.566,
      25.02,
      45.453,
      89.359,
      65.46,
      38.275,
      78.026,
      57.009,
      30.48,
      78.924,
      17.117,
      61.074,
      80.05,
      50.0,
      75.611,
      41.049,
      63.032,
      93.915,
      29.732,
      87.932,
      43.046,
      53.852,
      88.814,
      70.007,
      30.414,
      0.0,
      24.331,
      78.848,
      67.119,
      57.315,
      68.6,
      92.59,
      17.088,
      73.824,
      32.802,
      12.728,
      37.014,
      93.638,
      77.078,
      91.082,
      10.296,
      80.131,
      56.08,
      51.478,
      96.13
    ],
    [
      59.203,
      19.849,
      40.792,
      21.378,
      49.193,
      80.498,
      65.513,
      37.014,
      34.785,
      66.098,
      50.804,
