{
  "patients": [
    {
      "id": "p1",
      "location": [
        30.0,
        6.0
      ],
      "time_window": [
        124.0,
        244.0
      ],
      "required_caregivers": [
        {
          "service": "s5",
          "duration": 13.0
        }
      ]
    },
    {
      "id": "p2",
      "location": [
        72.0,
        12.0
      ],
      "time_window": [
        316.0,
        436.0
      ],
      "required_caregivers": [
        {
          "service": "s5",
          "duration": 13.0
        }
      ]
    },
    {
      "id": "p3",
      "location": [
        31.0,
        38.0
      ],
      "time_window": [
        370.0,
        490.0
      ],
      "required_caregivers": [
        {
          "service": "s5",
          "duration": 13.0
        }
      ]
    },
    {
      "id": "p4",
      "location": [
        53.0,
        22.0
      ],
      "time_window": [
        301.0,
        421.0
      ],
      "required_caregivers": [
        {
          "service": "s2",
          "duration": 13.0
        }
      ]
    },
    {
      "id": "p5",
      "location": [
        54.0,
        18.0
      ],
      "time_window": [
        372.0,
        492.0
      ],
      "required_caregivers": [
        {
          "service": "s1",
          "duration": 13.0
        }
      ]
    },
    {
      "id": "p6",
      "location": [
        82.0,
        7.0
      ],
      "time_window": [
        278.0,
        398.0
      ],
      "required_caregivers": [
        {
          "service": "s3",
          "duration": 13.0
        }
      ]
    },
    {
      "id": "p7",
      "location": [
        28.0,
        5.0
      ],
      "time_window": [
        51.0,
        171.0
      ],
      "required_caregivers": [
        {
          "service": "s4",
          "duration": 13.0
        }
      ]
    },
    {
      "id": "p8",
      "location": [
        2.0,
        12.0
      ],
      "time_window": [
        11.0,
        131.0
      ],
      "required_caregivers": [
        {
          "service": "s6",
          "duration": 13.0
        }
      ]
    },
    {
      "id": "p9",
      "location": [
        83.0,
        29.0
      ],
      "time_window": [
        413.0,
        533.0
      ],
      "required_caregivers": [
        {
          "service": "s6",
          "duration": 13.0
        }
      ]
    },
    {
      "id": "p10",
      "location": [
        58.0,
        29.0
      ],
      "time_window": [
        0.0,
        120.0
      ],
      "required_caregivers": [
        {
          "service": "s1",
          "duration": 13.0
        }
      ]
    },
    {
      "id": "p11",
      "location": [
        68.0,
        22.0
      ],
      "time_window": [
        114.0,
        234.0
      ],
      "required_caregivers": [
        {
          "service": "s1",
          "duration": 13.0
        }
      ]
    },
    {
      "id": "p12",
      "location": [
        79.0,
        20.0
      ],
      "time_window": [
        290.0,
        410.0
      ],
      "required_caregivers": [
        {
          "service": "s3",
          "duration": 13.0
        }
      ]
    },
    {
      "id": "p13",
      "location": [
        15.0,
        11.0
      ],
      "time_window": [
        302.0,
        422.0
      ],
      "required_caregivers": [
        {
          "service": "s3",
          "duration": 13.0
        }
      ]
    },
    {
      "id": "p14",
      "location": [
        99.0,
        29.0
      ],
      "time_window": [
        137.0,
        257.0
      ],
      "required_caregivers": [
        {
          "service": "s6",
          "duration": 13.0
        }
      ]
    },
    {
      "id": "p15",
      "location": [
        67.0,
        33.0
      ],
      "time_window": [
        268.0,
        388.0
      ],
      "required_caregivers": [
        {
          "service": "s5",
          "duration": 13.0
        }
      ]
    },
    {
      "id": "p16",
      "location": [
        51.0,
        6.0
      ],
      "time_window": [
        348.0,
        468.0
      ],
      "required_caregivers": [
        {
          "service": "s1",
          "duration": 13.0
        }
      ]
    },
    {
      "id": "p17",
      "location": [
        88.0,
        23.0
      ],
      "time_window": [
        102.0,
        222.0
      ],
      "required_caregivers": [
        {
          "service": "s1",
          "duration": 13.0
        }
      ]
    },
    {
      "id": "p18",
      "location": [
        39.0,
        42.0
      ],
      "time_window": [
        469.0,
        589.0
      ],
      "required_caregivers": [
        {
          "service": "s2",
          "duration": 13.0
        }
      ]
    },
    {
      "id": "p19",
      "location": [
        78.0,
        11.0
      ],
      "time_window": [
        243.0,
        363.0
      ],
      "required_caregivers": [
        {
          "service": "s4",
          "duration": 13.0
        }
      ]
    },
    {
      "id": "p20",
      "location": [
        97.0,
        29.0
      ],
      "time_window": [
        255.0,
        375.0
      ],
      "required_caregivers": [
        {
          "service": "s4",
          "duration": 13.0
        }
      ]
    },
    {
      "id": "p21",
      "location": [
        88.0,
        0.0
      ],
      "time_window": [
        78.0,
        198.0
      ],
      "required_caregivers": [
        {
          "service": "s1",
          "duration": 13.0
        }
      ]
    },
    {
      "id": "p22",
      "location": [
        24.0,
        3.0
      ],
      "time_window": [
        121.0,
        241.0
      ],
      "required_caregivers": [
        {
          "service": "s2",
          "duration": 13.0
        }
      ]
    },
    {
      "id": "p23",
      "location": [
        90.0,
        30.0
      ],
      "time_window": [
        128.0,
        248.0
      ],
      "required_caregivers": [
        {
          "service": "s3",
          "duration": 13.0
        }
      ]
    },
    {
      "id": "p24",
      "location": [
        17.0,
        45.0
      ],
      "time_window": [
        220.0,
        340.0
      ],
      "required_caregivers": [
        {
          "service": "s5",
          "duration": 13.0
        }
      ]
    },
    {
      "id": "p25",
      "location": [
        18.0,
        38.0
      ],
      "time_window": [
        59.0,
        179.0
      ],
      "required_caregivers": [
        {
          "service": "s6",
          "duration": 13.0
        }
      ]
    },
    {
      "id": "p26",
      "location": [
        89.0,
        48.0
      ],
      "time_window": [
        147.0,
        267.0
      ],
      "required_caregivers": [
        {
          "service": "s4",
          "duration": 13.0
        }
      ]
    },
    {
      "id": "p27",
      "location": [
        40.0,
        26.0
      ],
      "time_window": [
        355.0,
        475.0
      ],
      "required_caregivers": [
        {
          "service": "s2",
          "duration": 13.0
        }
      ]
    },
    {
      "id": "p28",
      "location": [
        59.0,
        48.0
      ],
      "time_window": [
        405.0,
        525.0
      ],
      "required_caregivers": [
        {
          "service": "s4",
          "duration": 13.0
        }
      ]
    },
    {
      "id": "p29",
      "location": [
        81.0,
        23.0
      ],
      "time_window": [
        399.0,
        519.0
      ],
      "required_caregivers": [
        {
          "service": "s4",
          "duration": 13.0
        }
      ]
    },
    {
      "id": "p30",
      "location": [
        86.0,
        44.0
      ],
      "time_window": [
        419.0,
        539.0
      ],
      "required_caregivers": [
        {
          "service": "s6",
          "duration": 13.0
        }
      ]
    },
    {
      "id": "p31",
      "location": [
        47.0,
        8.0
      ],
      "time_window": [
        347.0,
        467.0
      ],
      "required_caregivers": [
        {
          "service": "s6",
          "duration": 13.0
        }
      ]
    },
    {
      "id": "p32",
      "location": [
        62.0,
        28.0
      ],
      "time_window": [
        361.0,
        481.0
      ],
      "required_caregivers": [
        {
          "service": "s2",
          "duration": 13.0
        }
      ]
    },
    {
      "id": "p33",
      "location": [
        3.0,
        18.0
      ],
      "time_window": [
        31.0,
        151.0
      ],
      "required_caregivers": [
        {
          "service": "s2",
          "duration": 13.0
        }
      ]
    },
    {
      "id": "p34",
      "location": [
        15.0,
        19.0
      ],
      "time_window": [
        233.0,
        353.0
      ],
      "required_caregivers": [
        {
          "service": "s6",
          "duration": 13.0
        }
      ]
    },
    {
      "id": "p35",
      "location": [
        17.0,
        30.0
      ],
      "time_window": [
        448.0,
        568.0
      ],
      "required_caregivers": [
        {
          "service": "s5",
          "duration": 13.0
        }
      ]
    },
    {
      "id": "p36",
      "location": [
        90.0,
        41.0
      ],
      "time_window": [
        253.0,
        373.0
      ],
      "required_caregivers": [
        {
          "service": "s5",
          "duration": 13.0
        },
        {
          "service": "s6",
          "duration": 13.0
        }
      ],
      "synchronization": {
        "type": "simultaneous"
      }
    },
    {
      "id": "p37",
      "location": [
        43.0,
        20.0
      ],
      "time_window": [
        239.0,
        359.0
      ],
      "required_caregivers": [
        {
          "service": "s4",
          "duration": 13.0
        },
        {
          "service": "s6",
          "duration": 13.0
        }
      ],
      "synchronization": {
        "type": "simultaneous"
      }
    },
    {
      "id": "p38",
      "location": [
        52.0,
        25.0
      ],
      "time_window": [
        316.0,
        436.0
      ],
      "required_caregivers": [
        {
          "service": "s4",
          "duration": 13.0
        },
        {
          "service": "s5",
          "duration": 13.0
        }
      ],
      "synchronization": {
        "type": "simultaneous"
      }
    },
    {
      "id": "p39",
      "location": [
        9.0,
        38.0
      ],
      "time_window": [
        478.0,
        598.0
      ],
      "required_caregivers": [
        {
          "service": "s5",
          "duration": 13.0
        },
        {
          "service": "s6",
          "duration": 13.0
        }
      ],
      "synchronization": {
        "type": "simultaneous"
      }
    },
    {
      "id": "p40",
      "location": [
        22.0,
        2.0
      ],
      "time_window": [
        72.0,
        192.0
      ],
      "required_caregivers": [
        {
          "service": "s5",
          "duration": 13.0
        },
        {
          "service": "s6",
          "duration": 13.0
        }
      ],
      "synchronization": {
        "type": "simultaneous"
      }
    },
    {
      "id": "p41",
      "location": [
        53.0,
        47.0
      ],
      "time_window": [
        377.0,
        497.0
      ],
      "required_caregivers": [
        {
          "service": "s5",
          "duration": 13.0
        },
        {
          "service": "s6",
          "duration": 13.0
        }
      ],
      "synchronization": {
        "type": "simultaneous"
      }
    },
    {
      "id": "p42",
      "location": [
        47.0,
        29.0
      ],
      "time_window": [
        36.0,
        156.0
      ],
      "required_caregivers": [
        {
          "service": "s4",
          "duration": 13.0
        },
        {
          "service": "s5",
          "duration": 13.0
        }
      ],
      "synchronization": {
        "type": "simultaneous"
      }
    },
    {
      "id": "p43",
      "location": [
        59.0,
        16.0
      ],
      "time_window": [
        28.0,
        148.0
      ],
      "required_caregivers": [
        {
          "service": "s2",
          "duration": 13.0
        },
        {
          "service": "s5",
          "duration": 13.0
        }
      ],
      "synchronization": {
        "type": "sequential",
        "distance": [
          12,
          24
        ]
      }
    },
    {
      "id": "p44",
      "location": [
        14.0,
        37.0
      ],
      "time_window": [
        283.0,
        403.0
      ],
      "required_caregivers": [
        {
          "service": "s2",
          "duration": 13.0
        },
        {
          "service": "s4",
          "duration": 13.0
        }
      ],
      "synchronization": {
        "type": "sequential",
        "distance": [
          36,
          72
        ]
      }
    },
    {
      "id": "p45",
      "location": [
        26.0,
        34.0
      ],
      "time_window": [
        44.0,
        164.0
      ],
      "required_caregivers": [
        {
          "service": "s3",
          "duration": 13.0
        },
        {
          "service": "s5",
          "duration": 13.0
        }
      ],
      "synchronization": {
        "type": "sequential",
        "distance": [
          34,
          68
        ]
      }
    },
    {
      "id": "p46",
      "location": [
        20.0,
        14.0
      ],
      "time_window": [
        470.0,
        590.0
      ],
      "required_caregivers": [
        {
          "service": "s3",
          "duration": 13.0
        },
        {
          "service": "s4",
          "duration": 13.0
        }
      ],
      "synchronization": {
        "type": "sequential",
        "distance": [
          12,
          24
        ]
      }
    },
    {
      "id": "p47",
      "location": [
        10.0,
        30.0
      ],
      "time_window": [
        250.0,
        370.0
      ],
      "required_caregivers": [
        {
          "service": "s3",
          "duration": 13.0
        },
        {
          "service": "s5",
          "duration": 13.0
        }
      ],
      "synchronization": {
        "type": "sequential",
        "distance": [
          15,
          30
        ]
      }
    },
    {
      "id": "p48",
      "location": [
        10.0,
        30.0
      ],
      "time_window": [
        427.0,
        547.0
      ],
      "required_caregivers": [
        {
          "service": "s1",
          "duration": 13.0
        },
        {
          "service": "s6",
          "duration": 13.0
        }
      ],
      "synchronization": {
        "type": "sequential",
        "distance": [
          13,
          26
        ]
      }
    },
    {
      "id": "p49",
      "location": [
        41.0,
        0.0
      ],
      "time_window": [
        17.0,
        137.0
      ],
      "required_caregivers": [
        {
          "service": "s1",
          "duration": 13.0
        },
        {
          "service": "s4",
          "duration": 13.0
        }
      ],
      "synchronization": {
        "type": "sequential",
        "distance": [
          34,
          68
        ]
      }
    },
    {
      "id": "p50",
      "location": [
        0.0,
        0.0
      ],
      "time_window": [
        106.0,
        226.0
      ],
      "required_caregivers": [
        {
          "service": "s2",
          "duration": 13.0
        },
        {
          "service": "s6",
          "duration": 13.0
        }
      ],
      "synchronization": {
        "type": "sequential",
        "distance": [
          44,
          88
        ]
      }
    }
  ],
  "services": [
    {
      "id": "s1",
      "default_duration": 13.0
    },
    {
      "id": "s2",
      "default_duration": 13.0
    },
    {
      "id": "s3",
      "default_duration": 13.0
    },
    {
      "id": "s4",
      "default_duration": 13.0
    },
    {
      "id": "s5",
      "default_duration": 13.0
    },
    {
      "id": "s6",
      "default_duration": 13.0
    }
  ],
  "caregivers": [
    {
      "id": "c1",
      "abilities": [
        "s1",
        "s3"
      ]
    },
    {
      "id": "c2",
      "abilities": [
        "s1",
        "s2"
      ]
    },
    {
      "id": "c3",
      "abilities": [
        "s1",
        "s3"
      ]
    },
    {
      "id": "c4",
      "abilities": [
        "s4",
        "s5",
        "s6"
      ]
    },
    {
      "id": "c5",
      "abilities": [
        "s4",
        "s5",
        "s6"
      ]
    },
    {
      "id": "c6",
      "abilities": [
        "s4",
        "s5"
      ]
    },
    {
      "id": "c7",
      "abilities": [
        "s5",
        "s6"
      ]
    },
    {
      "id": "c8",
      "abilities": [
        "s4",
        "s6"
      ]
    },
    {
      "id": "c9",
      "abilities": [
        "s4"
      ]
    },
    {
      "id": "c10",
      "abilities": [
        "s4",
        "s5",
        "s6"
      ]
    }
  ],
  "central_offices": [
    {
      "id": "d",
      "location": [
        64.0,
        38.0
      ]
    }
  ],
  "distances": [
    [
      0.0,
      46.69,
      27.203,
      33.0,
      19.416,
      22.361,
      35.847,
      48.836,
      67.231,
      21.024,
      10.817,
      16.492,
      23.431,
      55.946,
      36.139,
      5.831,
      34.54,
      28.302,
      25.318,
      30.414,
      34.205,
      44.944,
      53.151,
      27.203,
      47.518,
      46.0,
      26.926,
      26.833,
      11.18,
      22.672,
      22.804,
      34.482,
      10.198,
      64.195,
      52.555,
      47.676,
      26.173,
      27.659,
      17.692,
      55.0,
      55.317,
      14.213,
      19.235,
      22.561,
      50.01,
      38.21,
      50.12,
      54.589,
      54.589,
      44.418,
      74.431
    ],
    [
      46.69,
      0.0,
      42.426,
      32.016,
      28.018,
      26.833,
      52.01,
      2.236,
      28.636,
      57.775,
      36.235,
      41.231,
      50.961,
      15.811,
      72.732,
      45.804,
      21.0,
      60.44,
      37.108,
      48.26,
      70.838,
      58.31,
      6.708,
      64.622,
      41.11,
      34.176,
      72.422,
      22.361,
      51.039,
      53.759,
      67.676,
      17.117,
      38.833,
      29.547,
      19.849,
      27.295,
      69.462,
      19.105,
      29.069,
      38.275,
      8.944,
      47.011,
      28.601,
      30.676,
      34.886,
      28.284,
      12.806,
      31.241,
      31.241,
      12.53,
      30.594
    ],
    [
      27.203,
      42.426,
      0.0,
      48.549,
      21.471,
      18.974,
      11.18,
      44.553,
      70.0,
      20.248,
      22.023,
      10.77,
      10.63,
      57.009,
      31.906,
      21.587,
      21.84,
      19.416,
      44.598,
      6.083,
      30.232,
      20.0,
      48.836,
      25.456,
      64.14,
      59.933,
      39.812,
      34.928,
      38.275,
      14.213,
      34.928,
      25.318,
      18.868,
      69.26,
      57.428,
      57.871,
      34.132,
      30.083,
      23.854,
      68.154,
      50.99,
      39.825,
      30.232,
      13.601,
      63.159,
      50.99,
      52.038,
      64.56,
      64.56,
      33.242,
      72.993
    ],
    [
      33.0,
      32.016,
      48.549,
      0.0,
      27.203,
      30.48,
      59.682,
      33.136,
      38.949,
      52.773,
      28.46,
      40.311,
      51.264,
      31.385,
      68.593,
      36.346,
      37.736,
      58.941,
      8.944,
      54.203,
      66.611,
      68.505,
      35.693,
      59.54,
      15.652,
      13.0,
      58.856,
      15.0,
      29.732,
      52.202,
      55.326,
      34.0,
      32.573,
      34.409,
      24.839,
      16.125,
      59.076,
      21.633,
      24.698,
      22.0,
      37.108,
      23.77,
      18.358,
      35.609,
      17.029,
      6.403,
      26.401,
      22.472,
      22.472,
      39.294,
      49.041
    ],
    [
      19.416,
      28.018,
      21.471,
      27.203,
      0.0,
      4.123,
      32.65,
      30.232,
      51.971,
      30.806,
      8.602,
      15.0,
      26.077,
      39.56,
      46.53,
      17.804,
      16.125,
      35.014,
      24.413,
      27.313,
      44.553,
      41.34,
      34.67,
      37.855,
      42.72,
      38.484,
      44.407,
      13.601,
      26.683,
      28.018,
      39.661,
      15.232,
      10.817,
      50.16,
      38.118,
      36.878,
      41.593,
      10.198,
      3.162,
      46.819,
      36.892,
      25.0,
      9.22,
      8.485,
      41.785,
      29.547,
      33.956,
      43.738,
      43.738,
      25.06,
      57.385
    ],
    [
      22.361,
      26.833,
      18.974,
      30.48,
      4.123,
      0.0,
      30.083,
      29.069,
      52.345,
      31.016,
      11.705,
      14.56,
      25.08,
      39.623,
      46.325,
      19.849,
      12.369,
      34.366,
      28.302,
      25.0,
      44.385,
      38.471,
      33.541,
      37.947,
      45.804,
      41.183,
      46.098,
      16.125,
      30.414,
      27.459,
      41.231,
      12.207,
      12.806,
      51.0,
      39.013,
      38.897,
      42.72,
      11.18,
      7.28,
      49.244,
      35.777,
      29.017,
      13.038,
      5.385,
      44.283,
      32.249,
      34.234,
      45.607,
      45.607,
      22.204,
      56.921
    ],
    [
      35.847,
      52.01,
      11.18,
      59.682,
      32.65,
      30.083,
      0.0,
      54.037,
      80.156,
      22.023,
      32.558,
      20.518,
      13.342,
      67.119,
      27.803,
      30.017,
      31.016,
      17.088,
      55.444,
      5.657,
      26.627,
      9.22,
      58.138,
      24.352,
      75.293,
      71.113,
      41.593,
      46.098,
      47.011,
      16.031,
      37.216,
      35.014,
      29.0,
      79.762,
      68.066,
      68.949,
      34.928,
      41.11,
      34.986,
      79.31,
      60.208,
      49.406,
      41.34,
      24.698,
      74.324,
      62.169,
      62.394,
      75.584,
      75.584,
      41.593,
      82.298
    ],
    [
      48.836,
      2.236,
      44.553,
      33.136,
      30.232,
      29.069,
      54.037,
      0.0,
      26.926,
      60.008,
      38.419,
      43.463,
      53.16,
      14.318,
      74.947,
      48.01,
      23.022,
      62.642,
      38.601,
      50.359,
      73.055,
      60.208,
      4.472,
      66.851,
      41.485,
      34.482,
      74.632,
      24.187,
      53.009,
      55.973,
      69.893,
      19.235,
      41.049,
      28.178,
      19.105,
      27.313,
      71.694,
      21.213,
      31.241,
      38.079,
      6.708,
      48.877,
      30.61,
      32.894,
      34.928,
      29.069,
      12.042,
      30.806,
      30.806,
      13.928,
      28.443
    ],
    [
      67.231,
      28.636,
      70.0,
      38.949,
      51.971,
      52.345,
      80.156,
      26.926,
      0.0,
      82.765,
      58.524,
      66.753,
      77.414,
      13.038,
      98.478,
      68.308,
      49.366,
      86.701,
      47.634,
      76.007,
      96.509,
      86.833,
      23.77,
      89.822,
      36.249,
      30.529,
      94.154,
      40.497,
      67.417,
      79.762,
      89.889,
      45.177,
      62.097,
      6.083,
      14.765,
      23.431,
      92.655,
      41.773,
      51.662,
      26.926,
      22.361,
      61.855,
      48.104,
      57.14,
      27.731,
      32.558,
      18.111,
      19.698,
      19.698,
      40.804,
      12.166
    ],
    [
      21.024,
      57.775,
      20.248,
      52.773,
      30.806,
      31.016,
      22.023,
      60.008,
      82.765,
      0.0,
      25.0,
      16.553,
      9.849,
      70.342,
      16.0,
      16.492,
      39.408,
      7.81,
      45.88,
      18.682,
      14.0,
      29.428,
      64.475,
      7.071,
      67.912,
      65.62,
      19.925,
      43.105,
      30.61,
      6.325,
      15.297,
      41.677,
      21.024,
      80.753,
      68.731,
      66.008,
      13.892,
      41.0,
      31.257,
      74.545,
      66.708,
      34.986,
      36.0,
      27.295,
      69.462,
      57.219,
      64.761,
      73.007,
      73.007,
      51.039,
      87.92
    ],
    [
      10.817,
      36.235,
      22.023,
      28.46,
      8.602,
      11.705,
      32.558,
      38.419,
      58.524,
      25.0,
      0.0,
      12.207,
      22.847,
      46.615,
      41.0,
      9.849,
      24.042,
      30.594,
      23.022,
      26.907,
      39.0,
      41.725,
      42.802,
      32.016,
      44.011,
      41.0,
      36.359,
      18.248,
      19.026,
      23.77,
      31.765,
      23.707,
      4.123,
      56.089,
      44.147,
      41.012,
      34.176,
      17.493,
      7.211,
      49.82,
      45.0,
      18.682,
      11.0,
      13.038,
      44.721,
      32.388,
      40.853,
      48.01,
      48.01,
      33.615,
      64.846
    ],
    [
      16.492,
      41.231,
      10.77,
      40.311,
      15.0,
      14.56,
      20.518,
      43.463,
      66.753,
      16.553,
      12.207,
      0.0,
      11.18,
      54.129,
      31.78,
      11.045,
      23.345,
      20.025,
      35.228,
      14.866,
      29.833,
      29.732,
      47.927,
      23.409,
      55.946,
      52.498,
      33.422,
      28.284,
      27.514,
      13.038,
      28.425,
      25.239,
      8.485,
      65.123,
      53.085,
      51.624,
      29.069,
      25.08,
      16.279,
      61.131,
      50.16,
      29.155,
      22.136,
      10.817,
      56.045,
      43.681,
      48.662,
      58.549,
      58.549,
      34.828,
      71.47
    ],
    [
      23.431,
      50.961,
      10.63,
      51.264,
      26.077,
      25.08,
      13.342,
      53.16,
      77.414,
      9.849,
      22.847,
      11.18,
      0.0,
      64.63,
      21.932,
      17.692,
      31.305,
      9.487,
      45.651,
      9.055,
      20.125,
      21.932,
      57.567,
      14.866,
      66.851,
      63.6,
      29.732,
      39.459,
      34.409,
      3.606,
      25.0,
      34.176,
      18.788,
      76.026,
      64.008,
      62.801,
      23.707,
      36.0,
      27.459,
      72.277,
      59.775,
      37.483,
      33.242,
      20.396,
      67.186,
      54.818,
      59.304,
      69.721,
      69.721,
      42.942,
      81.492
    ],
    [
      55.946,
      15.811,
      57.009,
      31.385,
      39.56,
      39.623,
      67.119,
      14.318,
      13.038,
      70.342,
      46.615,
      54.129,
      64.63,
      0.0,
      85.907,
      56.462,
      36.346,
      73.98,
      39.205,
      63.0,
      83.952,
      73.824,
      12.042,
      77.369,
      34.059,
      27.166,
      82.735,
      29.155,
      57.489,
      67.082,
      78.294,
      32.14,
      49.98,
      13.892,
      8.0,
      19.105,
      80.777,
      29.411,
      39.56,
      27.659,
      11.402,
      52.345,
      36.715,
      44.283,
      26.019,
      25.495,
      5.831,
      19.647,
      19.647,
      28.231,
      18.601
    ],
    [
      36.139,
      72.732,
      31.906,
      68.593,
      46.53,
      46.325,
      27.803,
      74.947,
      98.478,
      16.0,
      41.0,
      31.78,
      21.932,
      85.907,
      0.0,
      32.249,
      53.226,
      12.53,
      61.392,
      27.659,
      2.0,
      31.016,
      79.379,
      9.055,
      83.546,
      81.498,
      21.471,
      59.076,
      44.283,
      18.974,
      19.849,
      56.08,
      37.014,
      96.628,
      84.593,
      82.006,
      15.0,
      56.719,
      47.17,
      90.449,
      81.597,
      49.396,
      52.0,
      42.059,
      85.376,
      73.171,
      80.411,
      89.006,
      89.006,
      64.846,
      103.16
    ],
    [
      5.831,
      45.804,
      21.587,
      36.346,
      17.804,
      19.849,
      30.017,
      48.01,
      68.308,
      16.492,
      9.849,
      11.045,
      17.692,
      56.462,
      32.249,
      0.0,
      31.385,
      23.259,
      29.411,
      24.597,
      30.265,
      39.115,
      52.431,
      23.195,
      51.42,
      49.254,
      26.627,
      27.893,
      17.0,
      17.205,
      21.954,
      32.016,
      7.071,
      65.734,
      53.852,
      50.09,
      24.352,
      27.295,
      17.0,
      58.215,
      54.644,
      19.799,
      20.396,
      18.788,
      53.151,
      41.012,
      50.695,
      57.079,
      57.079,
      42.012,
      74.686
    ],
    [
      34.54,
      21.0,
      21.84,
      37.736,
      16.125,
      12.369,
      31.016,
      23.022,
      49.366,
      39.408,
      24.042,
      23.345,
      31.305,
      36.346,
      53.226,
      31.385,
      0.0,
      40.719,
      37.947,
      27.459,
      51.43,
      37.483,
      27.166,
      45.793,
      51.74,
      45.967,
      56.639,
      22.825,
      42.755,
      34.482,
      51.662,
      4.472,
      24.597,
      49.477,
      38.275,
      41.617,
      52.402,
      16.125,
      19.026,
      52.802,
      29.275,
      41.049,
      23.345,
      12.806,
      48.27,
      37.537,
      32.016,
      47.508,
      47.508,
      11.662,
      51.352
    ],
    [
      28.302,
      60.44,
      19.416,
      58.941,
      35.014,
      34.366,
      17.088,
      62.642,
      86.701,
      7.81,
      30.594,
      20.025,
      9.487,
      73.98,
      12.53,
      23.259,
      40.719,
      0.0,
      52.555,
      15.62,
      10.817,
      23.0,
      67.052,
      7.28,
      74.33,
      71.589,
      25.02,
      48.094,
      38.288,
      7.0,
      21.095,
      43.658,
      26.476,
      85.147,
      73.11,
      71.344,
      18.111,
      45.1,
      36.056,
      80.411,
      69.26,
      42.438,
      41.437,
      29.833,
      75.313,
      62.968,
      68.593,
      78.313,
      78.313,
      52.326,
      90.956
    ],
    [
      25.318,
      37.108,
      44.598,
      8.944,
      24.413,
      28.302,
      55.444,
      38.601,
      47.634,
      45.88,
      23.022,
      35.228,
      45.651,
      39.205,
      61.392,
      29.411,
      37.947,
      52.555,
      0.0,
      49.82,
      59.439,
      64.537,
      41.785,
      52.393,
      22.204,
      21.378,
      50.359,
      16.031,
      20.881,
      46.098,
      47.043,
      34.928,
      26.926,
      43.267,
      33.242,
      25.06,
      51.01,
      22.361,
      21.401,
      30.265,
      43.463,
      14.866,
      15.264,
      32.802,
      25.495,
      15.264,
      33.838,
      31.385,
      31.385,
      42.048,
      57.315
    ],
    [
      30.414,
      48.26,
      6.083,
      54.203,
      27.313,
      25.0,
      5.657,
      50.359,
      76.007,
      18.682,
      26.907,
      14.866,
      9.055,
      63.0,
      27.659,
      24.597,
      27.459,
      15.62,
      49.82,
      0.0,
      26.173,
      14.866,
      54.589,
      22.472,
      69.836,
      65.795,
      38.601,
      40.853,
      41.593,
      12.369,
      33.956,
      31.145,
      23.345,
      75.326,
      63.506,
      63.891,
      32.311,
      36.139,
      29.53,
      74.095,
      56.719,
      43.829,
      35.847,
      19.647,
      69.08,
      56.859,
      58.078,
      70.605,
      70.605,
      38.601,
      78.772
    ],
    [
      34.205,
      70.838,
      30.232,
      66.611,
      44.553,
      44.385,
      26.627,
      73.055,
      96.509,
      14.0,
      39.0,
      29.833,
      20.125,
      83.952,
      2.0,
      30.265,
      51.43,
      10.817,
      59.439,
      26.173,
      0.0,
      30.364,
      77.492,
      7.071,
      81.584,
      79.511,
      20.616,
      57.079,
      42.485,
      17.088,
      18.601,
      54.231,
      35.014,
      94.641,
      82.608,
      80.006,
      13.892,
      54.745,
      45.177,
      88.459,
      79.712,
      47.539,
      50.0,
      40.162,
      83.385,
      71.176,
      78.447,
      87.006,
      87.006,
      63.063,
      101.242
    ],
    [
      44.944,
      58.31,
      20.0,
      68.505,
      41.34,
      38.471,
      9.22,
      60.208,
      86.833,
      29.428,
      41.725,
      29.732,
      21.932,
      73.824,
      31.016,
      39.115,
      37.483,
      23.0,
      64.537,
      14.866,
      30.364,
      0.0,
      64.07,
      30.067,
      84.06,
      79.649,
      48.01,
      54.589,
      56.08,
      24.042,
      44.045,
      41.773,
      38.21,
      86.885,
      75.432,
      77.078,
      41.049,
      49.244,
      43.829,
      87.664,
      66.03,
      58.6,
      50.22,
      33.121,
      82.735,
      70.711,
      69.426,
      83.57,
      83.57,
      47.0,
      88.0
    ],
    [
      53.151,
      6.708,
      48.836,
      35.693,
      34.67,
      33.541,
      58.138,
      4.472,
      23.77,
      64.475,
      42.802,
      47.927,
      57.567,
      12.042,
      79.379,
      52.431,
      27.166,
      67.052,
      41.785,
      54.589,
      77.492,
      64.07,
      0.0,
      71.309,
      42.579,
      35.511,
      79.057,
      28.018,
      57.009,
      60.407,
      74.33,
      23.537,
      45.486,
      25.807,
      18.358,
      27.893,
      76.158,
      25.495,
      35.609,
      38.079,
      2.236,
      52.697,
      34.713,
      37.336,
      35.44,
      31.064,
      11.705,
      30.414,
      30.414,
      17.263,
      24.187
    ],
    [
      27.203,
      64.622,
      25.456,
      59.54,
      37.855,
      37.947,
      24.352,
      66.851,
      89.822,
      7.071,
      32.016,
      23.409,
      14.866,
      77.369,
      9.055,
      23.195,
      45.793,
      7.28,
      52.393,
      22.472,
      7.071,
      30.067,
      71.309,
      0.0,
      74.525,
      72.443,
      18.028,
      50.16,
      35.847,
      11.402,
      14.56,
      48.301,
      28.071,
      87.824,
      75.802,
      73.0,
      11.0,
      48.052,
      38.328,
      81.394,
      73.539,
      40.719,
      43.012,
      34.015,
      76.322,
      64.125,
      71.805,
      80.0,
      80.0,
      57.454,
      94.868
    ],
    [
      47.518,
      41.11,
      64.14,
      15.652,
      42.72,
      45.804,
      75.293,
      41.485,
      36.249,
      67.912,
      44.011,
      55.946,
      66.851,
      34.059,
      83.546,
      51.42,
      51.74,
      74.33,
      22.204,
      69.836,
      81.584,
      84.06,
      42.579,
      74.525,
      0.0,
      7.071,
      72.062,
      29.833,
      42.107,
      67.676,
      69.007,
      47.634,
      48.104,
      30.414,
      26.077,
      15.0,
      73.11,
      36.069,
      40.311,
      10.63,
      43.29,
      36.056,
      34.0,
      51.039,
      8.544,
      14.213,
      31.145,
      16.553,
      16.553,
      51.0,
      48.104
    ],
    [
      46.0,
      34.176,
      59.933,
      13.0,
      38.484,
      41.183,
      71.113,
      34.482,
      30.529,
      65.62,
      41.0,
      52.498,
      63.6,
      27.166,
      81.498,
      49.254,
      45.967,
      71.589,
      21.378,
      65.795,
      79.511,
      79.649,
      35.511,
      72.443,
      7.071,
      0.0,
      71.701,
      25.06,
      42.202,
      64.761,
      68.264,
      41.725,
      45.122,
      25.0,
      19.235,
      8.062,
      72.062,
      30.806,
      36.401,
      9.0,
      36.222,
      36.139,
      30.364,
      46.53,
      4.123,
      8.944,
      24.083,
      11.314,
      11.314,
      44.418,
      42.048
    ],
    [
      26.926,
      72.422,
      39.812,
      58.856,
      44.407,
      46.098,
      41.593,
      74.632,
      94.154,
      19.925,
      36.359,
      33.422,
      29.732,
      82.735,
      21.471,
      26.627,
      56.639,
      25.02,
      50.359,
      38.601,
      20.616,
      48.01,
      79.057,
      18.028,
      72.062,
      71.701,
      0.0,
      53.712,
      30.0,
      26.249,
      5.0,
      58.0,
      33.601,
      91.082,
      79.48,
      74.216,
      7.071,
      53.852,
      43.566,
      80.623,
      81.271,
      36.014,
      46.098,
      43.863,
      75.802,
      64.537,
      76.922,
      81.025,
      81.025,
      67.882,
      101.119
    ],
    [
      26.833,
      22.361,
      34.928,
      15.0,
      13.601,
      16.125,
      46.098,
      24.187,
      40.497,
      43.105,
      18.248,
      28.284,
      39.459,
      29.155,
      59.076,
      27.893,
      22.825,
      48.094,
      16.031,
      40.853,
      57.079,
      54.589,
      28.018,
      50.16,
      29.833,
      25.06,
      53.712,
      0.0,
      29.069,
      41.11,
      49.396,
      19.313,
      22.091,
      37.855,
      25.962,
      23.345,
      52.202,
      6.708,
      12.042,
      33.242,
      30.0,
      24.698,
      7.616,
      21.471,
      28.231,
      16.125,
      23.324,
      30.265,
      30.265,
      26.019,
      47.707
    ],
    [
      11.18,
      51.039,
      38.275,
      29.732,
      26.683,
      30.414,
      47.011,
      53.009,
      67.417,
      30.61,
      19.026,
      27.514,
      34.409,
      57.489,
      44.283,
      17.0,
      42.755,
      38.288,
      20.881,
      41.593,
      42.485,
      56.08,
      57.009,
      35.847,
      42.107,
      42.202,
      30.0,
      29.069,
      0.0,
      33.302,
      27.295,
      41.761,
      20.224,
      63.53,
      52.697,
      45.695,
      31.78,
      32.249,
      24.042,
      50.99,
      59.034,
      6.083,
      22.472,
      32.0,
      46.325,
      35.847,
      51.74,
      52.202,
      52.202,
      51.264,
      76.059
    ],
    [
      22.672,
      53.759,
      14.213,
      52.202,
      28.018,
      27.459,
      16.031,
      55.973,
      79.762,
      6.325,
      23.77,
      13.038,
      3.606,
      67.082,
      18.974,
      17.205,
      34.482,
      7.0,
      46.098,
      12.369,
      17.088,
      24.042,
      60.407,
      11.402,
      67.676,
      64.761,
      26.249,
      41.11,
      33.302,
      0.0,
      21.587,
      37.162,
      19.647,
      78.16,
      66.121,
      64.382,
      20.125,
      38.118,
      29.069,
      73.546,
      62.626,
      36.878,
      34.525,
      23.087,
      68.447,
      56.089,
      61.66,
      71.344,
      71.344,
      46.141,
      84.202
    ],
    [
      22.804,
      67.676,
      34.928,
      55.326,
      39.661,
      41.231,
      37.216,
      69.893,
      89.889,
      15.297,
      31.765,
      28.425,
      25.0,
      78.294,
      19.849,
      21.954,
      51.662,
      21.095,
      47.043,
      33.956,
      18.601,
      44.045,
      74.33,
      14.56,
      69.007,
      68.264,
      5.0,
      49.396,
      27.295,
      21.587,
      0.0,
      53.075,
      28.844,
      86.977,
      75.273,
      70.406,
      5.0,
      49.244,
      38.949,
      77.233,
      76.551,
      33.136,
      41.785,
      38.897,
      72.339,
      60.828,
      72.498,
      77.279,
      77.279,
      62.936,
      96.602
    ],
    [
      34.482,
      17.117,
      25.318,
      34.0,
      15.232,
      12.207,
      35.014,
      19.235,
      45.177,
      41.677,
      23.707,
      25.239,
      34.176,
      32.14,
      56.08,
      32.016,
      4.472,
      43.658,
      34.928,
      31.145,
      54.231,
      41.773,
      23.537,
      48.301,
      47.634,
      41.725,
      58.0,
      19.313,
      41.761,
      37.162,
      53.075,
      0.0,
      25.0,
      45.122,
      33.838,
      37.202,
      54.203,
      12.649,
      17.72,
      48.415,
      25.71,
      39.459,
      21.0,
      14.422,
      43.932,
      33.422,
      27.659,
      43.046,
      43.046,
      10.0,
      47.676
    ],
    [
      10.198,
      38.833,
      18.868,
      32.573,
      10.817,
      12.806,
      29.0,
      41.049,
      62.097,
      21.024,
      4.123,
