{
  "patients": [
    {
      "id": "p1",
      "location": [
        48.0,
        23.0
      ],
      "time_window": [
        229.0,
        349.0
      ],
      "required_caregivers": [
        {
          "service": "s2",
          "duration": 17.0
        }
      ]
    },
    {
      "id": "p2",
      "location": [
        59.0,
        35.0
      ],
      "time_window": [
        76.0,
        196.0
      ],
      "required_caregivers": [
        {
          "service": "s5",
          "duration": 17.0
        }
      ]
    },
    {
      "id": "p3",
      "location": [
        73.0,
        10.0
      ],
      "time_window": [
        268.0,
        388.0
      ],
      "required_caregivers": [
        {
          "service": "s5",
          "duration": 17.0
        }
      ]
    },
    {
      "id": "p4",
      "location": [
        13.0,
        47.0
      ],
      "time_window": [
        55.0,
        175.0
      ],
      "required_caregivers": [
        {
          "service": "s2",
          "duration": 17.0
        }
      ]
    },
    {
      "id": "p5",
      "location": [
        46.0,
        25.0
      ],
      "time_window": [
        119.0,
        239.0
      ],
      "required_caregivers": [
        {
          "service": "s6",
          "duration": 17.0
        }
      ]
    },
    {
      "id": "p6",
      "location": [
        26.0,
        35.0
      ],
      "time_window": [
        177.0,
        297.0
      ],
      "required_caregivers": [
        {
          "service": "s4",
          "duration": 17.0
        }
      ]
    },
    {
      "id": "p7",
      "location": [
        95.0,
        49.0
      ],
      "time_window": [
        233.0,
        353.0
      ],
      "required_caregivers": [
        {
          "service": "s6",
          "duration": 17.0
        }
      ]
    },
    {
      "id": "p8",
      "location": [
        11.0,
        27.0
      ],
      "time_window": [
        216.0,
        336.0
      ],
      "required_caregivers": [
        {
          "service": "s1",
          "duration": 17.0
        }
      ]
    },
    {
      "id": "p9",
      "location": [
        39.0,
        11.0
      ],
      "time_window": [
        73.0,
        193.0
      ],
      "required_caregivers": [
        {
          "service": "s2",
          "duration": 17.0
        }
      ]
    },
    {
      "id": "p10",
      "location": [
        91.0,
        16.0
      ],
      "time_window": [
        253.0,
        373.0
      ],
      "required_caregivers": [
        {
          "service": "s2",
          "duration": 17.0
        }
      ]
    },
    {
      "id": "p11",
      "location": [
        6.0,
        28.0
      ],
      "time_window": [
        86.0,
        206.0
      ],
      "required_caregivers": [
        {
          "service": "s3",
          "duration": 17.0
        }
      ]
    },
    {
      "id": "p12",
      "location": [
        1.0,
        23.0
      ],
      "time_window": [
        166.0,
        286.0
      ],
      "required_caregivers": [
        {
          "service": "s5",
          "duration": 17.0
        }
      ]
    },
    {
      "id": "p13",
      "location": [
        62.0,
        24.0
      ],
      "time_window": [
        346.0,
        466.0
      ],
      "required_caregivers": [
        {
          "service": "s5",
          "duration": 17.0
        }
      ]
    },
    {
      "id": "p14",
      "location": [
        93.0,
        39.0
      ],
      "time_window": [
        418.0,
        538.0
      ],
      "required_caregivers": [
        {
          "service": "s5",
          "duration": 17.0
        }
      ]
    },
    {
      "id": "p15",
      "location": [
        26.0,
        42.0
      ],
      "time_window": [
        335.0,
        455.0
      ],
      "required_caregivers": [
        {
          "service": "s6",
          "duration": 17.0
        }
      ]
    },
    {
      "id": "p16",
      "location": [
        66.0,
        47.0
      ],
      "time_window": [
        98.0,
        218.0
      ],
      "required_caregivers": [
        {
          "service": "s3",
          "duration": 17.0
        }
      ]
    },
    {
      "id": "p17",
      "location": [
        50.0,
        27.0
      ],
      "time_window": [
        251.0,
        371.0
      ],
      "required_caregivers": [
        {
          "service": "s6",
          "duration": 17.0
        }
      ]
    },
    {
      "id": "p18",
      "location": [
        3.0,
        39.0
      ],
      "time_window": [
        368.0,
        488.0
      ],
      "required_caregivers": [
        {
          "service": "s3",
          "duration": 17.0
        }
      ]
    },
    {
      "id": "p19",
      "location": [
        15.0,
        10.0
      ],
      "time_window": [
        239.0,
        359.0
      ],
      "required_caregivers": [
        {
          "service": "s6",
          "duration": 17.0
        }
      ]
    },
    {
      "id": "p20",
      "location": [
        52.0,
        48.0
      ],
      "time_window": [
        324.0,
        444.0
      ],
      "required_caregivers": [
        {
          "service": "s1",
          "duration": 17.0
        }
      ]
    },
    {
      "id": "p21",
      "location": [
        10.0,
        47.0
      ],
      "time_window": [
        391.0,
        511.0
      ],
      "required_caregivers": [
        {
          "service": "s2",
          "duration": 17.0
        }
      ]
    },
    {
      "id": "p22",
      "location": [
        4.0,
        8.0
      ],
      "time_window": [
        46.0,
        166.0
      ],
      "required_caregivers": [
        {
          "service": "s5",
          "duration": 17.0
        }
      ]
    },
    {
      "id": "p23",
      "location": [
        84.0,
        12.0
      ],
      "time_window": [
        146.0,
        266.0
      ],
      "required_caregivers": [
        {
          "service": "s3",
          "duration": 17.0
        }
      ]
    },
    {
      "id": "p24",
      "location": [
        5.0,
        13.0
      ],
      "time_window": [
        412.0,
        532.0
      ],
      "required_caregivers": [
        {
          "service": "s5",
          "duration": 17.0
        }
      ]
    },
    {
      "id": "p25",
      "location": [
        98.0,
        40.0
      ],
      "time_window": [
        161.0,
        281.0
      ],
      "required_caregivers": [
        {
          "service": "s6",
          "duration": 17.0
        }
      ]
    },
    {
      "id": "p26",
      "location": [
        48.0,
        26.0
      ],
      "time_window": [
        294.0,
        414.0
      ],
      "required_caregivers": [
        {
          "service": "s1",
          "duration": 17.0
        }
      ]
    },
    {
      "id": "p27",
      "location": [
        18.0,
        33.0
      ],
      "time_window": [
        102.0,
        222.0
      ],
      "required_caregivers": [
        {
          "service": "s1",
          "duration": 17.0
        }
      ]
    },
    {
      "id": "p28",
      "location": [
        60.0,
        19.0
      ],
      "time_window": [
        308.0,
        428.0
      ],
      "required_caregivers": [
        {
          "service": "s3",
          "duration": 17.0
        }
      ]
    },
    {
      "id": "p29",
      "location": [
        42.0,
        16.0
      ],
      "time_window": [
        393.0,
        513.0
      ],
      "required_caregivers": [
        {
          "service": "s4",
          "duration": 17.0
        }
      ]
    },
    {
      "id": "p30",
      "location": [
        46.0,
        21.0
      ],
      "time_window": [
        217.0,
        337.0
      ],
      "required_caregivers": [
        {
          "service": "s2",
          "duration": 17.0
        }
      ]
    },
    {
      "id": "p31",
      "location": [
        76.0,
        11.0
      ],
      "time_window": [
        366.0,
        486.0
      ],
      "required_caregivers": [
        {
          "service": "s1",
          "duration": 17.0
        }
      ]
    },
    {
      "id": "p32",
      "location": [
        99.0,
        9.0
      ],
      "time_window": [
        210.0,
        330.0
      ],
      "required_caregivers": [
        {
          "service": "s1",
          "duration": 17.0
        }
      ]
    },
    {
      "id": "p33",
      "location": [
        59.0,
        37.0
      ],
      "time_window": [
        186.0,
        306.0
      ],
      "required_caregivers": [
        {
          "service": "s1",
          "duration": 17.0
        }
      ]
    },
    {
      "id": "p34",
      "location": [
        70.0,
        21.0
      ],
      "time_window": [
        52.0,
        172.0
      ],
      "required_caregivers": [
        {
          "service": "s5",
          "duration": 17.0
        }
      ]
    },
    {
      "id": "p35",
      "location": [
        38.0,
        15.0
      ],
      "time_window": [
        50.0,
        170.0
      ],
      "required_caregivers": [
        {
          "service": "s3",
          "duration": 17.0
        }
      ]
    },
    {
      "id": "p36",
      "location": [
        0.0,
        19.0
      ],
      "time_window": [
        26.0,
        146.0
      ],
      "required_caregivers": [
        {
          "service": "s5",
          "duration": 17.0
        },
        {
          "service": "s6",
          "duration": 17.0
        }
      ],
      "synchronization": {
        "type": "simultaneous"
      }
    },
    {
      "id": "p37",
      "location": [
        39.0,
        19.0
      ],
      "time_window": [
        323.0,
        443.0
      ],
      "required_caregivers": [
        {
          "service": "s4",
          "duration": 17.0
        },
        {
          "service": "s6",
          "duration": 17.0
        }
      ],
      "synchronization": {
        "type": "simultaneous"
      }
    },
    {
      "id": "p38",
      "location": [
        46.0,
        42.0
      ],
      "time_window": [
        315.0,
        435.0
      ],
      "required_caregivers": [
        {
          "service": "s4",
          "duration": 17.0
        },
        {
          "service": "s5",
          "duration": 17.0
        }
      ],
      "synchronization": {
        "type": "simultaneous"
      }
    },
    {
      "id": "p39",
      "location": [
        76.0,
        2.0
      ],
      "time_window": [
        135.0,
        255.0
      ],
      "required_caregivers": [
        {
          "service": "s4",
          "duration": 17.0
        },
        {
          "service": "s5",
          "duration": 17.0
        }
      ],
      "synchronization": {
        "type": "simultaneous"
      }
    },
    {
      "id": "p40",
      "location": [
        42.0,
        8.0
      ],
      "time_window": [
        431.0,
        551.0
      ],
      "required_caregivers": [
        {
          "service": "s4",
          "duration": 17.0
        },
        {
          "service": "s6",
          "duration": 17.0
        }
      ],
      "synchronization": {
        "type": "simultaneous"
      }
    },
    {
      "id": "p41",
      "location": [
        78.0,
        19.0
      ],
      "time_window": [
        352.0,
        472.0
      ],
      "required_caregivers": [
        {
          "service": "s4",
          "duration": 17.0
        },
        {
          "service": "s6",
          "duration": 17.0
        }
      ],
      "synchronization": {
        "type": "simultaneous"
      }
    },
    {
      "id": "p42",
      "location": [
        79.0,
        37.0
      ],
      "time_window": [
        2.0,
        122.0
      ],
      "required_caregivers": [
        {
          "service": "s4",
          "duration": 17.0
        },
        {
          "service": "s5",
          "duration": 17.0
        }
      ],
      "synchronization": {
        "type": "simultaneous"
      }
    },
    {
      "id": "p43",
      "location": [
        98.0,
        16.0
      ],
      "time_window": [
        150.0,
        270.0
      ],
      "required_caregivers": [
        {
          "service": "s3",
          "duration": 17.0
        },
        {
          "service": "s6",
          "duration": 17.0
        }
      ],
      "synchronization": {
        "type": "sequential",
        "distance": [
          2,
          4
        ]
      }
    },
    {
      "id": "p44",
      "location": [
        71.0,
        2.0
      ],
      "time_window": [
        410.0,
        530.0
      ],
      "required_caregivers": [
        {
          "service": "s1",
          "duration": 17.0
        },
        {
          "service": "s6",
          "duration": 17.0
        }
      ],
      "synchronization": {
        "type": "sequential",
        "distance": [
          53,
          106
        ]
      }
    },
    {
      "id": "p45",
      "location": [
        21.0,
        2.0
      ],
      "time_window": [
        404.0,
        524.0
      ],
      "required_caregivers": [
        {
          "service": "s2",
          "duration": 17.0
        },
        {
          "service": "s4",
          "duration": 17.0
        }
      ],
      "synchronization": {
        "type": "sequential",
        "distance": [
          37,
          74
        ]
      }
    },
    {
      "id": "p46",
      "location": [
        78.0,
        48.0
      ],
      "time_window": [
        251.0,
        371.0
      ],
      "required_caregivers": [
        {
          "service": "s3",
          "duration": 17.0
        },
        {
          "service": "s4",
          "duration": 17.0
        }
      ],
      "synchronization": {
        "type": "sequential",
        "distance": [
          32,
          64
        ]
      }
    },
    {
      "id": "p47",
      "location": [
        46.0,
        39.0
      ],
      "time_window": [
        44.0,
        164.0
      ],
      "required_caregivers": [
        {
          "service": "s3",
          "duration": 17.0
        },
        {
          "service": "s4",
          "duration": 17.0
        }
      ],
      "synchronization": {
        "type": "sequential",
        "distance": [
          59,
          118
        ]
      }
    },
    {
      "id": "p48",
      "location": [
        53.0,
        36.0
      ],
      "time_window": [
        227.0,
        347.0
      ],
      "required_caregivers": [
        {
          "service": "s2",
          "duration": 17.0
        },
        {
          "service": "s6",
          "duration": 17.0
        }
      ],
      "synchronization": {
        "type": "sequential",
        "distance": [
          13,
          26
        ]
      }
    },
    {
      "id": "p49",
      "location": [
        72.0,
        4.0
      ],
      "time_window": [
        5.0,
        125.0
      ],
      "required_caregivers": [
        {
          "service": "s1",
          "duration": 17.0
        },
        {
          "service": "s6",
          "duration": 17.0
        }
      ],
      "synchronization": {
        "type": "sequential",
        "distance": [
          56,
          112
        ]
      }
    },
    {
      "id": "p50",
      "location": [
        0.0,
        0.0
      ],
      "time_window": [
        73.0,
        193.0
      ],
      "required_caregivers": [
        {
          "service": "s2",
          "duration": 17.0
        },
        {
          "service": "s4",
          "duration": 17.0
        }
      ],
      "synchronization": {
        "type": "sequential",
        "distance": [
          2,
          4
        ]
      }
    }
  ],
  "services": [
    {
      "id": "s1",
      "default_duration": 17.0
    },
    {
      "id": "s2",
      "default_duration": 17.0
    },
    {
      "id": "s3",
      "default_duration": 17.0
    },
    {
      "id": "s4",
      "default_duration": 17.0
    },
    {
      "id": "s5",
      "default_duration": 17.0
    },
    {
      "id": "s6",
      "default_duration": 17.0
    }
  ],
  "caregivers": [
    {
      "id": "c1",
      "abilities": [
        "s1",
        "s2",
        "s3"
      ]
    },
    {
      "id": "c2",
      "abilities": [
        "s2",
        "s3"
      ]
    },
    {
      "id": "c3",
      "abilities": [
        "s1",
        "s2",
        "s3"
      ]
    },
    {
      "id": "c4",
      "abilities": [
        "s4",
        "s6"
      ]
    },
    {
      "id": "c5",
      "abilities": [
        "s4",
        "s5",
        "s6"
      ]
    },
    {
      "id": "c6",
      "abilities": [
        "s4",
        "s5",
        "s6"
      ]
    },
    {
      "id": "c7",
      "abilities": [
        "s4",
        "s5",
        "s6"
      ]
    },
    {
      "id": "c8",
      "abilities": [
        "s4",
        "s5",
        "s6"
      ]
    },
    {
      "id": "c9",
      "abilities": [
        "s4",
        "s5",
        "s6"
      ]
    },
    {
      "id": "c10",
      "abilities": [
        "s6"
      ]
    }
  ],
  "central_offices": [
    {
      "id": "d",
      "location": [
        89.0,
        25.0
      ]
    }
  ],
  "distances": [
    [
      0.0,
      41.049,
      31.623,
      21.932,
      79.12,
      43.0,
      63.789,
      24.739,
      78.026,
      51.923,
      9.22,
      83.054,
      88.023,
      27.019,
      14.56,
      65.253,
      31.828,
      39.051,
      87.132,
      75.505,
      43.566,
      82.006,
      86.683,
      13.928,
      84.853,
      17.493,
      41.012,
      71.449,
      29.614,
      47.854,
      43.186,
      19.105,
      18.868,
      32.311,
      19.416,
      51.971,
      89.202,
      50.359,
      46.239,
      26.42,
      49.98,
      12.53,
      15.62,
      12.728,
      29.206,
      71.784,
      25.495,
      45.222,
      37.643,
      27.019,
      92.445
    ],
    [
      41.049,
      0.0,
      16.279,
      28.178,
      42.438,
      2.828,
      25.06,
      53.712,
      37.216,
      15.0,
      43.566,
      42.297,
      47.0,
      14.036,
      47.76,
      29.069,
      30.0,
      4.472,
      47.76,
      35.468,
      25.318,
      44.944,
      46.487,
      37.643,
      44.147,
      52.811,
      3.0,
      31.623,
      12.649,
      9.22,
      2.828,
      30.463,
      52.887,
      17.804,
      22.091,
      12.806,
      48.166,
      9.849,
      19.105,
      35.0,
      16.155,
      30.265,
      34.015,
      50.488,
      31.145,
      34.205,
      39.051,
      16.125,
      13.928,
      30.61,
      53.226
    ],
    [
      31.623,
      16.279,
      0.0,
      28.653,
      47.539,
      16.401,
      33.0,
      38.626,
      48.662,
      31.241,
      37.216,
      53.46,
      59.228,
      11.402,
      34.234,
      33.734,
      13.892,
      12.042,
      56.143,
      50.606,
      14.765,
      50.448,
      61.27,
      33.971,
      58.31,
      39.319,
      14.213,
      41.049,
      16.031,
      25.495,
      19.105,
      29.411,
      47.707,
      2.0,
      17.804,
      29.0,
      61.131,
      25.612,
      14.765,
      37.121,
      31.906,
      24.839,
      20.1,
      43.382,
      35.114,
      50.329,
      23.022,
      13.601,
      6.083,
      33.615,
      68.6
    ],
    [
      21.932,
      28.178,
      28.653,
      0.0,
      70.491,
      30.887,
      53.235,
      44.777,
      64.288,
      34.015,
      18.974,
      69.376,
      73.164,
      17.804,
      35.228,
      56.859,
      37.656,
      28.601,
      75.769,
      58.0,
      43.417,
      73.062,
      69.029,
      11.18,
      68.066,
      39.051,
      29.682,
      59.615,
      15.811,
      31.575,
      29.155,
      3.162,
      26.019,
      30.414,
      11.402,
      35.355,
      73.553,
      35.171,
      41.869,
      8.544,
      31.064,
      10.296,
      27.659,
      25.71,
      8.246,
      52.612,
      38.328,
      39.623,
      32.802,
      6.083,
      73.682
    ],
    [
      79.12,
      42.438,
      47.539,
      70.491,
      0.0,
      39.661,
      17.692,
      82.024,
      20.1,
      44.407,
      83.934,
      20.248,
      26.833,
      54.129,
      80.399,
      13.928,
      53.0,
      42.059,
      12.806,
      37.054,
      39.013,
      3.0,
      40.025,
      79.158,
      34.928,
      85.288,
      40.817,
      14.866,
      54.708,
      42.45,
      42.012,
      72.56,
      94.021,
      47.074,
      62.65,
      40.608,
      30.871,
      38.21,
      33.377,
      77.421,
      48.6,
      70.774,
      66.753,
      90.477,
      73.41,
      45.706,
      65.008,
      33.956,
      41.485,
      73.007,
      48.765
    ],
    [
      43.0,
      2.828,
      16.401,
      30.887,
      39.661,
      0.0,
      22.361,
      54.562,
      35.057,
      15.652,
      45.891,
      40.112,
      45.044,
      16.031,
      49.041,
      26.249,
      29.732,
      4.472,
      45.222,
      34.438,
      23.77,
      42.19,
      45.31,
      40.162,
      42.72,
      54.12,
      2.236,
      29.12,
      15.232,
      9.849,
      4.0,
      33.106,
      55.362,
      17.692,
      24.331,
      12.806,
      46.39,
      9.22,
      17.0,
      37.802,
      17.464,
      32.558,
      35.114,
      52.773,
      33.971,
      33.971,
      39.408,
      14.0,
      13.038,
      33.422,
      52.355
    ],
    [
      63.789,
      25.06,
      33.0,
      53.235,
      17.692,
      22.361,
      0.0,
      70.406,
      17.0,
      27.295,
      67.72,
      21.19,
      27.731,
      37.643,
      67.119,
      7.0,
      41.761,
      25.298,
      23.345,
      27.313,
      29.069,
      20.0,
      34.828,
      62.394,
      30.414,
      72.173,
      23.77,
      8.246,
      37.577,
      24.839,
      24.413,
      55.462,
      77.492,
      33.061,
      46.174,
      23.324,
      30.529,
      20.616,
      21.19,
      59.908,
      31.385,
      54.406,
      53.038,
      74.465,
      55.803,
      33.377,
      53.6,
      20.396,
      27.019,
      55.471,
      43.6
    ],
    [
      24.739,
      53.712,
      38.626,
      44.777,
      82.024,
      54.562,
      70.406,
      0.0,
      86.833,
      67.676,
      33.242,
      91.444,
      97.529,
      41.4,
      10.198,
      69.354,
      29.069,
      50.09,
      92.542,
      89.0,
      43.012,
      85.024,
      99.81,
      38.601,
      96.933,
      9.487,
      52.326,
      78.645,
      46.098,
      62.434,
      56.436,
      42.485,
      40.2,
      37.947,
      37.537,
      66.37,
      99.624,
      63.53,
      49.497,
      50.695,
      67.007,
      34.482,
      20.0,
      33.136,
      52.773,
      87.664,
      17.029,
      50.01,
      43.966,
      50.537,
      106.892
    ],
    [
      78.026,
      37.216,
      48.662,
      64.288,
      20.1,
      35.057,
      17.0,
      86.833,
      0.0,
      32.249,
      80.753,
      5.099,
      10.77,
      51.088,
      82.873,
      21.213,
      58.524,
      39.0,
      14.422,
      17.464,
      46.065,
      20.025,
      20.248,
      74.525,
      15.232,
      87.966,
      37.014,
      9.22,
      49.649,
      32.894,
      35.511,
      66.94,
      89.822,
      49.031,
      59.304,
      29.547,
      13.601,
      29.12,
      38.079,
      69.642,
      36.359,
      67.476,
      68.731,
      87.693,
      65.0,
      26.926,
      70.214,
      37.0,
      42.953,
      65.192,
      29.155
    ],
    [
      51.923,
      15.0,
      31.241,
      34.015,
      44.407,
      15.652,
      27.295,
      67.676,
      32.249,
      0.0,
      52.24,
      37.121,
      39.85,
      26.42,
      60.828,
      33.615,
      45.0,
      19.416,
      45.607,
      24.021,
      39.217,
      46.228,
      35.128,
      45.011,
      34.059,
      65.742,
      17.493,
      30.414,
      22.472,
      5.831,
      12.207,
      37.0,
      60.033,
      32.802,
      32.573,
      4.123,
      39.812,
      8.0,
      31.78,
      38.079,
      4.243,
      39.812,
      47.707,
      59.211,
      33.242,
      20.125,
      53.759,
      28.862,
      28.653,
      33.734,
      40.522
    ],
    [
      9.22,
      43.566,
      37.216,
      18.974,
      83.934,
      45.891,
      67.72,
      33.242,
      80.753,
      52.24,
      0.0,
      85.843,
      90.272,
      30.083,
      23.087,
      70.007,
      39.825,
      42.45,
      90.956,
      76.236,
      50.448,
      86.729,
      87.367,
      8.062,
      86.052,
      25.0,
      44.147,
      74.953,
      31.145,
      49.0,
      45.277,
      15.811,
      10.63,
      38.275,
      21.587,
      53.009,
      91.049,
      52.086,
      51.971,
      20.518,
      49.649,
      13.342,
      24.187,
      7.0,
      24.413,
      71.386,
      34.54,
      50.537,
      42.942,
      22.472,
      92.396
    ],
    [
      83.054,
      42.297,
      53.46,
      69.376,
      20.248,
      40.112,
      21.19,
      91.444,
      5.099,
      37.121,
      85.843,
      0.0,
      7.071,
      56.143,
      87.693,
      24.413,
      62.936,
      44.011,
      11.402,
      20.125,
      50.16,
      19.416,
      20.1,
      79.624,
      15.033,
      92.779,
      42.048,
      13.0,
      54.745,
      37.947,
      40.608,
      72.035,
      94.921,
      53.759,
      64.382,
      34.54,
      10.817,
      34.205,
      42.379,
      74.673,
      41.183,
      72.56,
      73.553,
      92.779,
      70.007,
      30.017,
      74.726,
      41.485,
      47.676,
      70.228,
      28.636
    ],
    [
      88.023,
      47.0,
      59.228,
      73.164,
      26.833,
      45.044,
      27.731,
      97.529,
      10.77,
      39.85,
      90.272,
      7.071,
      0.0,
      61.008,
      93.381,
      31.401,
      69.289,
      49.163,
      16.125,
      19.105,
      56.798,
      25.632,
      15.297,
      83.726,
      10.77,
      98.478,
      47.096,
      19.723,
      59.135,
      41.593,
      45.044,
      75.954,
      98.995,
      59.666,
      69.029,
      37.855,
      4.123,
      38.21,
      48.847,
      77.885,
      43.658,
      77.104,
      79.246,
      97.252,
      73.082,
      29.0,
      80.957,
      47.76,
      53.6,
      73.498,
      23.022
    ],
    [
      27.019,
      14.036,
      11.402,
      17.804,
      54.129,
      16.031,
      37.643,
      41.4,
      51.088,
      26.42,
      30.083,
      56.143,
      61.008,
      0.0,
      34.438,
      40.249,
      23.345,
      12.369,
      60.877,
      49.041,
      26.0,
      56.859,
      60.166,
      25.06,
      58.052,
      39.395,
      14.142,
      44.911,
      5.385,
      21.541,
      16.279,
      19.105,
      39.925,
      13.342,
      8.544,
      25.632,
      62.201,
      23.537,
      24.083,
      26.077,
      25.612,
      16.763,
      21.401,
      36.878,
      23.77,
      46.53,
      28.844,
      21.932,
      15.0,
      22.361,
      66.483
    ],
    [
      14.56,
      47.76,
      34.234,
      35.228,
      80.399,
      49.041,
      67.119,
      10.198,
      82.873,
      60.828,
      23.087,
      87.693,
      93.381,
      34.438,
      0.0,
      67.067,
      28.16,
      44.643,
      90.0,
      83.217,
      41.976,
      83.385,
      94.244,
      28.46,
      91.761,
      5.099,
      46.84,
      75.24,
      38.588,
      55.946,
      50.329,
      32.757,
      30.594,
      34.059,
      29.206,
      60.008,
      95.126,
      57.585,
      47.096,
      40.719,
      59.682,
      25.0,
      14.142,
      23.537,
      43.046,
      80.951,
      17.493,
      47.0,
      40.112,
      40.817,
      100.846
    ],
    [
      65.253,
      29.069,
      33.734,
      56.859,
      13.928,
      26.249,
      7.0,
      69.354,
      21.213,
      33.615,
      70.007,
      24.413,
      31.401,
      40.249,
      67.067,
      0.0,
      40.311,
      28.302,
      23.195,
      33.838,
      26.683,
      16.763,
      40.497,
      65.299,
      35.805,
      72.028,
      27.203,
      12.042,
      41.049,
      30.529,
      29.0,
      58.83,
      80.112,
      33.377,
      48.754,
      29.547,
      34.713,
      26.42,
      20.0,
      64.031,
      37.577,
      56.859,
      53.235,
      76.551,
      60.208,
      40.311,
      52.345,
      20.224,
      27.659,
      59.666,
      49.396
    ],
    [
      31.828,
      30.0,
      13.892,
      37.656,
      53.0,
      29.732,
      41.761,
      29.069,
      58.524,
      45.0,
      39.825,
      62.936,
      69.289,
      23.345,
      28.16,
      40.311,
      0.0,
      25.612,
      63.506,
      63.008,
      14.036,
      56.0,
      73.246,
      39.357,
      69.836,
      32.757,
      27.659,
      50.0,
      28.636,
      39.205,
      32.802,
      37.363,
      50.329,
      12.207,
      26.306,
      42.521,
      71.694,
      38.897,
      20.616,
      46.098,
      45.793,
      30.463,
      16.401,
      44.553,
      45.277,
      63.64,
      12.042,
      21.541,
      17.029,
      43.417,
      81.025
    ],
    [
      39.051,
      4.472,
      12.042,
      28.601,
      42.059,
      4.472,
      25.298,
      50.09,
      39.0,
      19.416,
      42.45,
      44.011,
      49.163,
      12.369,
      44.643,
      28.302,
      25.612,
      0.0,
      48.508,
      38.91,
      21.095,
      44.721,
      49.769,
      37.162,
      47.127,
      49.729,
      2.236,
      32.558,
      12.806,
      13.601,
      7.211,
      30.529,
      52.202,
      13.454,
      20.881,
      16.971,
      50.636,
      13.601,
      15.524,
      36.069,
      20.616,
      29.12,
      30.676,
      49.244,
      32.65,
      38.288,
      35.0,
      12.649,
      9.487,
      31.828,
      56.824
    ],
    [
      87.132,
      47.76,
      56.143,
      75.769,
      12.806,
      45.222,
      23.345,
      92.542,
      14.422,
      45.607,
      90.956,
      11.402,
      16.125,
      60.877,
      90.0,
      23.195,
      63.506,
      48.508,
      0.0,
      31.385,
      49.82,
      10.63,
      31.016,
      85.382,
      26.077,
      95.005,
      46.84,
      16.155,
      60.407,
      45.277,
      46.615,
      78.186,
      100.578,
      56.036,
      69.376,
      42.438,
      20.224,
      41.183,
      43.105,
      81.841,
      49.82,
      77.621,
      76.026,
      97.745,
      77.414,
      41.146,
      75.538,
      43.0,
      50.09,
      77.369,
      39.115
    ],
    [
      75.505,
      35.468,
      50.606,
      58.0,
      37.054,
      34.438,
      27.313,
      89.0,
      17.464,
      24.021,
      76.236,
      20.125,
      19.105,
      49.041,
      83.217,
      33.838,
      63.008,
      38.91,
      31.385,
      0.0,
      53.038,
      37.336,
      11.18,
      69.029,
      10.44,
      88.255,
      36.674,
      23.195,
      45.891,
      27.659,
      32.894,
      61.008,
      84.006,
      51.624,
      56.089,
      23.537,
      17.493,
      25.632,
      44.553,
      61.522,
      27.074,
      63.64,
      69.462,
      83.217,
      56.569,
      10.0,
      73.573,
      42.45,
      46.043,
      57.315,
      18.028
    ],
    [
      43.566,
      25.318,
      14.765,
      43.417,
      39.013,
      23.77,
      29.069,
      43.012,
      46.065,
      39.217,
      50.448,
      50.16,
      56.798,
      26.0,
      41.976,
      26.683,
      14.036,
      21.095,
      49.82,
      53.038,
      0.0,
      42.012,
      62.482,
      48.166,
      58.6,
      46.69,
      22.361,
      37.162,
      30.083,
      33.526,
      27.659,
      44.102,
      61.074,
      13.038,
      32.45,
      35.847,
      59.54,
      31.78,
      8.485,
      51.884,
      41.231,
      38.949,
      29.155,
      56.036,
      49.769,
      55.471,
      26.0,
      10.817,
      12.042,
      48.332,
      70.767
    ],
    [
      82.006,
      44.944,
      50.448,
      73.062,
      3.0,
      42.19,
      20.0,
      85.024,
      20.025,
      46.228,
      86.729,
      19.416,
      25.632,
      56.859,
      83.385,
      16.763,
      56.0,
      44.721,
      10.63,
      37.336,
      42.012,
      0.0,
      39.459,
      81.86,
      34.366,
      88.278,
      43.417,
      16.125,
      57.306,
      44.553,
      44.407,
      75.18,
      96.773,
      50.01,
      65.391,
      42.521,
      29.732,
      40.311,
      36.346,
      79.881,
      50.448,
      73.539,
      69.721,
      93.301,
      75.802,
      46.325,
      68.007,
      36.878,
      44.385,
      75.452,
      48.052
    ],
    [
      86.683,
      46.487,
      61.27,
      69.029,
      40.025,
      45.31,
      34.828,
      99.81,
      20.248,
      35.128,
      87.367,
      20.1,
      15.297,
      60.166,
      94.244,
      40.497,
      73.246,
      49.769,
      31.016,
      11.18,
      62.482,
      39.459,
      0.0,
      80.1,
      5.099,
      99.298,
      47.539,
      28.653,
      57.07,
      38.833,
      43.966,
      72.062,
      95.005,
      62.177,
      67.268,
      34.713,
      11.705,
      36.688,
      54.037,
      72.25,
      38.0,
      74.813,
      80.411,
      94.34,
      67.268,
      18.028,
      84.119,
      52.202,
      56.436,
      68.118,
      8.944
    ],
    [
      13.928,
      37.643,
      33.971,
      11.18,
      79.158,
      40.162,
      62.394,
      38.601,
      74.525,
      45.011,
      8.062,
      79.624,
      83.726,
      25.06,
      28.46,
      65.299,
      39.357,
      37.162,
      85.382,
      69.029,
      48.166,
      81.86,
      80.1,
      0.0,
      79.006,
      31.305,
      38.626,
      69.26,
      25.0,
      42.19,
      39.051,
      8.062,
      15.297,
      35.355,
      16.643,
      46.098,
      84.291,
      45.541,
      48.415,
      12.806,
      42.19,
      9.22,
      25.495,
      14.56,
      16.401,
      63.789,
      36.497,
      46.615,
      39.205,
      14.422,
      84.853
    ],
    [
      84.853,
      44.147,
      58.31,
      68.066,
      34.928,
      42.72,
      30.414,
      96.933,
      15.232,
      34.059,
      86.052,
      15.033,
      10.77,
      58.052,
      91.761,
      35.805,
      69.836,
      47.127,
      26.077,
      10.44,
      58.6,
      34.366,
      5.099,
      79.006,
      0.0,
      96.84,
      44.922,
      23.854,
      55.326,
      37.121,
      41.773,
      71.028,
      94.085,
      59.093,
      65.49,
      33.061,
      7.81,
      34.525,
      50.22,
      71.847,
      37.336,
      73.246,
      77.795,
      93.048,
      66.91,
      19.416,
      80.957,
      48.549,
      53.226,
      67.602,
      13.928
    ],
    [
      17.493,
      52.811,
      39.319,
      39.051,
      85.288,
      54.12,
      72.173,
      9.487,
      87.966,
      65.742,
      25.0,
      92.779,
      98.478,
      39.395,
      5.099,
      72.028,
      32.757,
      49.729,
      95.005,
      88.255,
      46.69,
      88.278,
      99.298,
      31.305,
      96.84,
      0.0,
      51.923,
      80.306,
      43.417,
      60.926,
      55.362,
      36.401,
      31.016,
      39.115,
      33.838,
      65.0,
      100.225,
      62.626,
      52.038,
      43.909,
      64.498,
      29.0,
      19.235,
      24.0,
      46.615,
      85.866,
      21.541,
      52.01,
      45.177,
      44.407,
      105.849
    ],
    [
      41.012,
      3.0,
      14.213,
      29.682,
      40.817,
      2.236,
      23.77,
      52.326,
      37.014,
      17.493,
      44.147,
      42.048,
      47.096,
      14.142,
      46.84,
      27.203,
      27.659,
      2.236,
      46.84,
      36.674,
      22.361,
      43.417,
      47.539,
      38.626,
      44.922,
      51.923,
      0.0,
      30.806,
      13.892,
      11.662,
      5.385,
      31.765,
      53.759,
      15.556,
      22.561,
      14.866,
      48.508,
      11.402,
      16.125,
      36.878,
      18.974,
      30.806,
      32.894,
      50.99,
      33.242,
      36.125,
      37.202,
      13.153,
      11.18,
      32.558,
      54.589
    ],
    [
      71.449,
      31.623,
      41.049,
      59.615,
      14.866,
      29.12,
      8.246,
      78.645,
      9.22,
      30.414,
      74.953,
      13.0,
      19.723,
      44.911,
      75.24,
      12.042,
      50.0,
      32.558,
      16.155,
      23.195,
      37.162,
      16.125,
      28.653,
      69.26,
      23.854,
      80.306,
      30.806,
      0.0,
      44.272,
      29.411,
      30.463,
      62.032,
      84.481,
      41.195,
      53.367,
      26.907,
      22.804,
      25.239,
      29.411,
      65.765,
      34.655,
      61.612,
      61.131,
      81.786,
      61.4,
      31.145,
      61.847,
      28.636,
      35.128,
      61.294,
      37.59
    ],
    [
      29.614,
      12.649,
      16.031,
      15.811,
      54.708,
      15.232,
      37.577,
      46.098,
      49.649,
      22.472,
      31.145,
      54.745,
      59.135,
      5.385,
      38.588,
      41.049,
      28.636,
      12.806,
      60.407,
      45.891,
      30.083,
      57.306,
      57.07,
      25.0,
      55.326,
      43.417,
      13.892,
      44.272,
      0.0,
      18.248,
      14.142,
      17.889,
      40.262,
      18.028,
      10.198,
      22.361,
      60.0,
      21.0,
      26.926,
      23.345,
      21.095,
      18.0,
      26.173,
      38.118,
      20.248,
      42.544,
      34.132,
      24.413,
      18.385,
      19.209,
      62.936
    ],
    [
      47.854,
      9.22,
      25.495,
      31.575,
      42.45,
      9.849,
      24.839,
      62.434,
      32.894,
      5.831,
      49.0,
      37.947,
      41.593,
      21.541,
      55.946,
      30.529,
      39.205,
      13.601,
      45.277,
      27.659,
      33.526,
      44.553,
      38.833,
      42.19,
      37.121,
      60.926,
      11.662,
      29.411,
      18.248,
      0.0,
      6.403,
      34.366,
      57.428,
      27.019,
      28.443,
      4.123,
      42.107,
      4.243,
      26.306,
      36.77,
      8.0,
      36.125,
      42.544,
      56.0,
      32.202,
      25.239,
      48.166,
      23.345,
      22.825,
      32.311,
      44.944
    ],
    [
      43.186,
      2.828,
      19.105,
      29.155,
      42.012,
      4.0,
      24.413,
      56.436,
      35.511,
      12.207,
      45.277,
      40.608,
      45.044,
      16.279,
      50.329,
      29.0,
      32.802,
      7.211,
      46.615,
      32.894,
      27.659,
      44.407,
      43.966,
      39.051,
      41.773,
      55.362,
      5.385,
      30.463,
      14.142,
      6.403,
      0.0,
      31.623,
      54.342,
      20.616,
      24.0,
      10.0,
      46.043,
      7.28,
      21.0,
      35.511,
      13.601,
      32.062,
      36.674,
      52.24,
      31.401,
      31.401,
      41.869,
      18.0,
      16.553,
      31.064,
      50.567
    ],
    [
      19.105,
      30.463,
      29.411,
      3.162,
      72.56,
      33.106,
      55.462,
      42.485,
      66.94,
      37.0,
      15.811,
      72.035,
      75.954,
      19.105,
      32.757,
      58.83,
      37.363,
      30.529,
      78.186,
      61.008,
      44.102,
      75.18,
      72.062,
      8.062,
      71.028,
      36.401,
      31.765,
      62.032,
      17.889,
      34.366,
      31.623,
      0.0,
      23.087,
      31.064,
      11.662,
      38.21,
      76.42,
      37.855,
      43.139,
      9.0,
      34.132,
      8.246,
      26.173,
      22.561,
      10.296,
      55.732,
      37.054,
      41.037,
      33.971,
      8.062,
      76.792
    ],
    [
      18.868,
      52.887,
      47.707,
      26.019,
      94.021,
      55.362,
      77.492,
      40.2,
      89.822,
